Date,Open,High,Low,Close,Volume,Market Cap
09-06-2021,0.00795549,0.00834622,0.00758227,0.00823589,145657728.63,1422123136.7
08-06-2021,0.00779635,0.00821299,0.00701868,0.00798139,161696127.56,1378177706.13
07-06-2021,0.00857105,0.00874692,0.00771698,0.00778088,128350088.36,1343555057.82
06-06-2021,0.00836127,0.00865415,0.00829247,0.00858384,110652684.7,1482204422.15
05-06-2021,0.00856825,0.00912179,0.00808563,0.00835824,163747507.96,1443249460.98
04-06-2021,0.00927735,0.00927735,0.00804286,0.00856655,193390584.86,1479218926.11
03-06-2021,0.00875807,0.00977442,0.00868229,0.00925576,258608272.51,1598228129.14
02-06-2021,0.00855163,0.00902473,0.00845229,0.00875812,165983795.4,1512297617.08
01-06-2021,0.00901276,0.00914321,0.00842666,0.00853659,155159171.44,1474045457.89
31-05-2021,0.00864146,0.00919473,0.00836999,0.00900839,172541180.18,1555513519.52
30-05-2021,0.00817734,0.00889437,0.00777714,0.0086466,162156415.54,1493042299.47
29-05-2021,0.00839086,0.00898568,0.00757195,0.00817805,176395302.13,1412136275.01
28-05-2021,0.00955017,0.00998331,0.00801054,0.00840044,232409005.75,1450536259.64
27-05-2021,0.01075768,0.01075768,0.00932887,0.00951733,224851685.75,1643393578.44
26-05-2021,0.00934101,0.01157141,0.00917104,0.01074868,461452053.9,1856016166.25
25-05-2021,0.0076902,0.01025567,0.00725891,0.00926524,431678965.87,1599865192.53
24-05-2021,0.00604144,0.00770625,0.00592104,0.00763124,176423593.88,1317716536.55
23-05-2021,0.00707509,0.00732722,0.0050148,0.0060735,162287065.11,1048735444.84
22-05-2021,0.00763874,0.00774708,0.00685638,0.00706455,133991725.03,1219863799.16
21-05-2021,0.00853341,0.00901854,0.00646424,0.0076102,192338330.49,1314082783.41
20-05-2021,0.00721514,0.00963992,0.00646046,0.00859193,233891042.55,1483601672.35
19-05-2021,0.01103548,0.01122256,0.00502107,0.00726268,296971454.97,1254075220.77
18-05-2021,0.01100311,0.01157396,0.01081813,0.01101177,163504709.67,1901610761.29
17-05-2021,0.01163283,0.01198274,0.01064306,0.01099253,287844215.61,1898287598.39
16-05-2021,0.01081301,0.01290342,0.01070944,0.01167893,449038015.78,2016821207.24
15-05-2021,0.01184284,0.0119423,0.01071147,0.01081575,220905952.67,1867759433.31
14-05-2021,0.01124154,0.01238629,0.01109625,0.01184859,288103304.17,2046119680.66
13-05-2021,0.01057532,0.01187281,0.01007301,0.01125823,344252328.38,1904490124.24
12-05-2021,0.01302788,0.0135203,0.01071625,0.01071625,270898580.06,1812805294.57
11-05-2021,0.01265331,0.01347071,0.01220373,0.01303838,299627663.59,2205627710.97
10-05-2021,0.01441892,0.01487003,0.01133656,0.01266682,380833286.46,2142771877.49
09-05-2021,0.01477745,0.01489016,0.01382237,0.01441062,291151234.15,2437761595.73
08-05-2021,0.01523926,0.01599569,0.01463497,0.01475766,342270574.23,2496467513.8
07-05-2021,0.01499803,0.01675587,0.01459981,0.01524588,753947060.07,2579056329.46
06-05-2021,0.01476853,0.01566092,0.01432806,0.01500056,509242424.1,2537558223.27
05-05-2021,0.01352483,0.01617186,0.01339148,0.01476647,594205725.72,2497957678.76
04-05-2021,0.01529082,0.01530078,0.01317279,0.01355416,510512030.58,2292877790.79
03-05-2021,0.01553117,0.01621784,0.01481265,0.01530893,377201953.27,2589723345.51
02-05-2021,0.01618889,0.01627076,0.01496464,0.01554717,303338237.69,2630024314.85
01-05-2021,0.01607094,0.01695339,0.01578331,0.01618994,417383342.5,2738758141.5
30-04-2021,0.01538157,0.01622158,0.01508256,0.01608625,350905594.72,2721217441.84
29-04-2021,0.01586108,0.01637326,0.01487005,0.01538527,341002243.26,2602637720.14
28-04-2021,0.016478,0.01729923,0.01431908,0.01585681,625519054.19,2682405181.04
27-04-2021,0.01403986,0.01756406,0.01352853,0.01645616,913512353.73,2783792323.22
26-04-2021,0.01174558,0.0143719,0.01161214,0.01406307,562483499.13,2378967807.61
25-04-2021,0.01208045,0.01313431,0.01060254,0.0116831,328361475.11,1976362189.66
24-04-2021,0.01279303,0.01524015,0.01177594,0.01202947,653193353.77,2034954895.78
23-04-2021,0.01270224,0.01374799,0.00901187,0.01264088,792997017.91,2138384884.97
22-04-2021,0.01492025,0.01542077,0.01161285,0.01274144,406000319.8,2155395870.91
21-04-2021,0.01605926,0.01705451,0.01474072,0.01500402,317689148.93,2538054233.29
20-04-2021,0.01577578,0.01789949,0.01384563,0.01611538,559419970.52,2726050636.27
19-04-2021,0.01706648,0.01848038,0.01555818,0.01584722,421672658.37,2680689403.22
18-04-2021,0.01905824,0.01923407,0.01391074,0.01707558,545518713.6,2888475857.68
17-04-2021,0.01907494,0.02158587,0.0188185,0.018929,848024823.94,3201996902.12
16-04-2021,0.01859772,0.02049334,0.01708442,0.01907259,857080249.19,3226286840.1
15-04-2021,0.01760163,0.02136618,0.01724339,0.01863968,913637652.68,3153057504.73
14-04-2021,0.01873194,0.01900518,0.01655766,0.01765436,535058251.06,2986485874.21
13-04-2021,0.01880345,0.01982756,0.01832759,0.01874265,520954789.06,3170584724.97
12-04-2021,0.01978348,0.02190099,0.01870332,0.01885751,639067787.46,3190014807.62
11-04-2021,0.01914821,0.02252946,0.0172877,0.01978462,1165190568.13,3346849682.19
10-04-2021,0.02093673,0.0216706,0.01781785,0.01917181,928504204.38,3243184701.43
09-04-2021,0.02316983,0.02352437,0.02069188,0.0209893,511444736.5,3550637696.8
08-04-2021,0.0205129,0.02472169,0.02039782,0.02320504,833961481.61,3925462072.89
07-04-2021,0.02281757,0.02378397,0.01927589,0.02047005,1154615390.84,3462800070.11
06-04-2021,0.02857245,0.02865557,0.01922211,0.02276702,1605907093.33,3851365219.44
05-04-2021,0.02771575,0.03156761,0.02592554,0.02848142,1739404600.76,4818035848.54
04-04-2021,0.02332572,0.02990256,0.0228567,0.02805281,2090593657.91,4745531945.93
03-04-2021,0.02412053,0.02809812,0.02208832,0.02342287,2033939753.52,3962310746.31
02-04-2021,0.01752491,0.02433495,0.01728917,0.02402803,1888749107.29,4064681679.05
01-04-2021,0.01678747,0.01829018,0.01662816,0.01752758,680658002.51,2965039225.86
31-03-2021,0.01806534,0.01927148,0.01562768,0.01681359,1161288582.04,2843954673.03
30-03-2021,0.01283691,0.01999707,0.01242554,0.01813822,2413691048.5,3068011247.84
29-03-2021,0.01015587,0.01324384,0.01003497,0.01282588,1031088930.88,2169448950.08
28-03-2021,0.00996096,0.01051694,0.00972701,0.01016438,361428658.34,1719068806.37
27-03-2021,0.01031777,0.01133882,0.00968961,0.00997067,838033274.21,1686307419.43
26-03-2021,0.00781648,0.01112717,0.0077106,0.01031692,918626608.77,1744619943.7
25-03-2021,0.00735762,0.0083949,0.00685069,0.0078253,355975228.12,1323279230.27
24-03-2021,0.00768825,0.00832562,0.00717966,0.00737428,304048928.95,1242281074.99
23-03-2021,0.00747991,0.00854391,0.00691254,0.00773364,305858063.74,1302798873.95
22-03-2021,0.00788022,0.00814217,0.00720176,0.00750387,248913753.83,1264092644.91
21-03-2021,0.0078213,0.00835265,0.00753837,0.00788015,325739064.69,1327480072.1
20-03-2021,0.00822083,0.00905849,0.00781854,0.00781854,453057193.5,1317095634.25
19-03-2021,0.00717871,0.00873928,0.00708288,0.00822653,617977052.27,1385823931.39
18-03-2021,0.00721635,0.00762112,0.00690189,0.00717907,276257307.15,1209371816.55
17-03-2021,0.00682971,0.00828773,0.00654023,0.00721856,575300183.32,1216024043.89
16-03-2021,0.00718643,0.00788146,0.00581611,0.0068239,661696145.9,1149284188.28
15-03-2021,0.00733157,0.00955177,0.00692872,0.007186,1254366084.24,1210400085.23
14-03-2021,0.00460329,0.00837058,0.00439979,0.0073342,1498954110.22,1235363595.73
13-03-2021,0.0029177,0.00533754,0.00284082,0.00462563,693955552.95,779134571.53
12-03-2021,0.00313764,0.00318657,0.0027996,0.0029188,98738982.13,491639076.6
11-03-2021,0.00311326,0.00324388,0.00300771,0.00313642,88598777.57,526826492.67
10-03-2021,0.00314047,0.00332371,0.00298984,0.00311295,127132723.05,522883702.96
09-03-2021,0.00299892,0.00337608,0.00293638,0.00313824,129096993.39,527132184.39
08-03-2021,0.00304554,0.00310385,0.00290269,0.00299924,90567202.49,503668965.24
07-03-2021,0.00299144,0.00316023,0.00294373,0.00304863,94635563.15,511964217.43
06-03-2021,0.00302757,0.00323854,0.00291056,0.00299325,139330812.36,502662916.13
05-03-2021,0.00247371,0.00328939,0.00235541,0.00302635,227886048.9,508222378.87
04-03-2021,0.00269842,0.00273609,0.00240109,0.00247459,69159896.92,415563684.57
03-03-2021,0.00268068,0.00285449,0.00263325,0.00269913,67652971.17,453271176.61
02-03-2021,0.00281243,0.00283775,0.00257316,0.00267929,60069763.4,449886704.41
01-03-2021,0.00244591,0.00295437,0.00244591,0.00281409,102490131.8,472520480.17
28-02-2021,0.00265364,0.00265579,0.00222152,0.00244392,90165999.6,410364312.21
27-02-2021,0.00279707,0.0029268,0.0025777,0.00265398,75402292.91,445636799.59
26-02-2021,0.00298125,0.00301177,0.00266725,0.00279659,97134226.42,469582731.38
25-02-2021,0.0031484,0.00330234,0.00295866,0.0029804,111336226.76,500600460.8
24-02-2021,0.00296928,0.00357178,0.0028618,0.00314575,152984187.85,527714813.41
23-02-2021,0.00343231,0.00343231,0.00222915,0.00296202,212647732.87,496892372.41
22-02-2021,0.00359232,0.00371064,0.00259695,0.00343277,304037345.65,575863070.54
21-02-2021,0.00228266,0.00409562,0.00214234,0.00354472,531535573.25,594643058.42
20-02-2021,0.0018481,0.00259596,0.00175802,0.00228805,222977366.9,383724313.14
19-02-2021,0.00148919,0.00203788,0.00146526,0.00184889,124418033.87,310051326.71
18-02-2021,0.00153979,0.00153979,0.00142372,0.00149082,53283277.99,250004276.03
17-02-2021,0.00128683,0.00154534,0.00124654,0.0015409,84351765.64,258402064.98
16-02-2021,0.00128832,0.0013619,0.00124624,0.00128693,33833396.82,215812878.9
15-02-2021,0.00128514,0.00139105,0.00114031,0.00128739,39653552.95,215889909.65
14-02-2021,0.0013895,0.00140524,0.0012552,0.00128536,34847564.41,215549510.63
13-02-2021,0.00140125,0.00145111,0.00131124,0.0013905,48668283.92,233180067.41
12-02-2021,0.00128538,0.0015248,0.00122796,0.00140151,77056829.68,235027287.76
11-02-2021,0.00112198,0.00138954,0.00109446,0.00128593,75017508.42,215644485.22
10-02-2021,0.00119269,0.00125848,0.00104253,0.00112096,47687031.42,187913293.82
09-02-2021,0.00110704,0.00149,0.00105517,0.00119433,133806110.24,200212889.21
08-02-2021,0.00080174,0.00128601,0.00078468,0.00110658,136984287.82,185502590.63
07-02-2021,0.00079346,0.00081985,0.00068318,0.00080151,20118804.41,134362666.63
06-02-2021,0.00082244,0.00082557,0.0007905,0.00079372,18514275.84,133057201.69
05-02-2021,0.00078148,0.00082991,0.00078056,0.00082267,21241433.29,137908969.25
04-02-2021,0.00080563,0.00081521,0.00077482,0.00078144,17603792.44,131041888.98
03-02-2021,0.00079131,0.00082825,0.00078138,0.00080547,26355243.98,135071296.17
02-02-2021,0.00075603,0.00083273,0.00074036,0.00079113,22564671.21,132666252.25
01-02-2021,0.00075237,0.00077373,0.00073213,0.00075689,11374533.23,126924469.86
31-01-2021,0.00077245,0.00078374,0.00074056,0.0007528,15380485.03,126238824.47
30-01-2021,0.00080433,0.00088821,0.00075503,0.00077234,33529078.39,129515389.46
29-01-2021,0.00072188,0.00100129,0.00069994,0.00080395,64865378.85,134815003.24
28-01-2021,0.00062467,0.00079936,0.00061616,0.00074323,41623529.98,124634335.6
27-01-2021,0.00066904,0.00067255,0.00061156,0.00062463,8277809.34023597,104745924.93590432
26-01-2021,0.00066578,0.00067658,0.00064638,0.00066889,8265271.26306632,112168076.48565707
25-01-2021,0.00069342,0.00070287,0.00066236,0.00066434,8645135.59698669,111403693.43698376
24-01-2021,0.0006912,0.00071522,0.00066375,0.00069341,10473951.82514203,116106442.82114857
23-01-2021,0.00065239,0.00070759,0.00064156,0.00069048,12233550.25422528,115615060.14689787
22-01-2021,0.00061116,0.00067087,0.00058566,0.00065361,10792747.07565301,109441992.7954749
21-01-2021,0.00070952,0.00070952,0.00061034,0.00061129,10097207.04335512,102356147.20662124
20-01-2021,0.00070905,0.00071489,0.00066177,0.00070999,10928902.46497654,118882519.52531272
19-01-2021,0.00072399,0.00073957,0.00070523,0.000709,9850888.836377,118716873.17784217
18-01-2021,0.00070889,0.00072425,0.00069223,0.0007234,9486206.48147043,121127821.1295323
17-01-2021,0.00071726,0.00073286,0.00068068,0.00070865,12871192.04878318,118657741.66410577
16-01-2021,0.00069578,0.00076354,0.00068821,0.00071747,13914084.32674706,120135337.63721856
15-01-2021,0.000777,0.00078067,0.00066288,0.00069544,18887988.89810206,116445196.29408073
14-01-2021,0.0008143,0.00082734,0.00074938,0.00077709,22516933.82609985,130044352.07548769
13-01-2021,0.00083596,0.00087088,0.0007316,0.00081441,35473594.80453794,136289550.34190366
12-01-2021,0.00089161,0.00146126,0.00082177,0.00083559,13922290.3829579,139835265.88337415
11-01-2021,0.00097852,0.00098017,0.00078278,0.00089086,19939315.08319831,149052478.5608228
10-01-2021,0.00099317,0.00110896,0.00088712,0.00097797,26725764.24630186,163627972.27233863
09-01-2021,0.00081517,0.00105574,0.00081347,0.00099333,45010039.6869456,166198026.80765292
08-01-2021,0.00078418,0.00086963,0.00074574,0.00081527,17841301.52618524,136406053.9910409
07-01-2021,0.00076879,0.00082118,0.00076004,0.00078339,14972812.34529469,131071173.28744248
06-01-2021,0.00073436,0.00079192,0.00071803,0.00076882,12953291.33240928,128633813.70959613
05-01-2021,0.00073568,0.00076456,0.00071081,0.00073426,14383185.26108405,122851997.68308985
04-01-2021,0.0007604,0.00079236,0.00069227,0.00073535,23844187.88748726,123033641.01120695
03-01-2021,0.00080307,0.00096019,0.00073801,0.00075287,46271739.64984916,125917760.09938262
02-01-2021,0.00064031,0.0008448,0.00060792,0.00080198,33116679.34895774,134129980.33412959
01-01-2021,0.00060202,0.00068003,0.00058427,0.00064032,11244282.46225358,107092622.49628678
31-12-2020,0.00060424,0.00061844,0.00057735,0.00060212,6780712.40606864,100703832.4618407
30-12-2020,0.00056989,0.00060958,0.00056832,0.00059247,5567866.30413454,99089939.99490815
29-12-2020,0.00057405,0.00060973,0.000551,0.00057,8370495.93631683,95332659.43802285
28-12-2020,0.00059842,0.00060972,0.00057241,0.00057406,6999697.01401425,96010381.29155979
27-12-2020,0.00060239,0.00062585,0.00057146,0.00058853,11574858.5698263,98431566.63228682
26-12-2020,0.00058309,0.00061721,0.00058107,0.00060245,7881618.07407322,100759479.07604197
25-12-2020,0.00058684,0.00060599,0.00057278,0.00059063,8829523.08033676,98782760.7660241
24-12-2020,0.00055688,0.00058806,0.0005364,0.00058019,7898717.83864193,97036787.86172654
23-12-2020,0.00064145,0.00064174,0.00054406,0.00055727,9187024.86756668,93202783.27047005
22-12-2020,0.00060887,0.00066828,0.00059597,0.00064173,13603484.53567427,107329609.07532145
21-12-2020,0.00060256,0.00067173,0.00055836,0.00061698,9566762.80547654,103127186.26769388
20-12-2020,0.00061894,0.00062762,0.00058904,0.00061393,7479685.81669626,102600297.19085822
19-12-2020,0.00061485,0.00062663,0.000599,0.00061913,6868056.63058785,103468804.1252666
18-12-2020,0.00061722,0.00062906,0.0005874,0.00061469,7154886.09264399,102726575.73238021
17-12-2020,0.00060213,0.00064515,0.00057984,0.00061724,10159503.2167985,103152698.4090804
16-12-2020,0.00058861,0.00064543,0.00054811,0.00060217,12533173.73857504,100634913.41401269
15-12-2020,0.00060027,0.00060841,0.00057769,0.00058872,7931907.74004569,98386909.3305218
14-12-2020,0.00054786,0.00062745,0.00053946,0.00058937,11645044.94271114,98495984.77083296
13-12-2020,0.00054141,0.00056054,0.00052631,0.00055323,5977600.098924,92456486.23629871
12-12-2020,0.00053649,0.00056268,0.00052922,0.00053528,5658217.73452126,89456667.95251226
11-12-2020,0.00055232,0.00055252,0.00051454,0.00053644,6745244.45119182,89650759.03373922
10-12-2020,0.00055722,0.00056531,0.00052708,0.00055207,6102354.41188245,92263070.35142082
09-12-2020,0.00057559,0.00058079,0.00050665,0.00055702,8479865.80293162,93090458.5389211
08-12-2020,0.00060704,0.00061579,0.00056846,0.00056947,6128931.2813159,95171328.6772088
07-12-2020,0.00061837,0.00063009,0.00059806,0.00060693,6546962.52863817,101423976.6746309
06-12-2020,0.00061712,0.00062392,0.00060001,0.00061811,5475797.3606317,103268034.4437998
05-12-2020,0.00060423,0.00062005,0.00058798,0.00061147,6092765.95586245,102159324.20691507
04-12-2020,0.00064061,0.00064179,0.00059155,0.00060435,7104573.20055936,100968504.33172233
03-12-2020,0.00061806,0.00064266,0.00060771,0.00063517,7433812.8652553,106118721.48075269
02-12-2020,0.00060332,0.00062114,0.00058967,0.00061817,6773697.32951688,103277384.90174977
01-12-2020,0.00064758,0.00065149,0.00059451,0.00060338,8509660.85172268,100807349.42260271
30-11-2020,0.00058951,0.0006641,0.00058888,0.00064741,10312414.27949175,108162889.37846272
29-11-2020,0.0005903,0.00060227,0.00057435,0.00058951,6009366.17973095,98490469.51642723
28-11-2020,0.00056882,0.00060037,0.00055544,0.00059026,6009769.21398508,98615735.20600764
27-11-2020,0.00059464,0.00060938,0.00054821,0.00056618,6100084.45215047,94592211.69993506
26-11-2020,0.00065692,0.00066435,0.0005227,0.00059438,10433546.17981937,99303342.64028125
25-11-2020,0.00068726,0.00069729,0.00059393,0.00065692,9934336.41637803,109752654.9906018
24-11-2020,0.00058432,0.00070537,0.00058194,0.00068727,14377737.92305307,114823441.79109591
23-11-2020,0.00060859,0.00062908,0.00055627,0.00058432,8255493.90842158,97607311.69355734
22-11-2020,0.00054759,0.00062261,0.00052783,0.00060861,12040309.71507147,101512991.14690392
21-11-2020,0.00048012,0.0005551,0.00046124,0.00054758,7783028.5310058,91334137.59249376
20-11-2020,0.00050189,0.00053687,0.00047002,0.00048014,4670059.39715374,80077714.45048612
19-11-2020,0.00051512,0.00053459,0.00043281,0.00050176,4649308.81572517,83684775.36520232
18-11-2020,0.00050823,0.0005412,0.00045108,0.00051507,5724091.34034921,85904156.9253152
17-11-2020,0.0004975,0.00056108,0.00046088,0.00050826,7154428.13759135,84767510.69683439
16-11-2020,0.0005033,0.00054784,0.0004719,0.00049829,6727115.20927652,83095944.74111156
15-11-2020,0.0004903,0.00057419,0.00046633,0.0005033,5242300.55416746,83930601.37195031
14-11-2020,0.00048768,0.00053135,0.00045588,0.00049029,6622484.25390916,81761181.51161239
13-11-2020,0.00046351,0.00049208,0.00046238,0.00048768,6865702.75212036,81323318.71338528
12-11-2020,0.00049286,0.00049939,0.00045952,0.00046351,7231487.83609944,77261201.5887719
11-11-2020,0.00048085,0.00050024,0.00048084,0.00049288,6264924.61121771,82156557.28312764
10-11-2020,0.00048569,0.00049771,0.00047538,0.00048087,6270402.56972099,80155115.1941891
09-11-2020,0.00048653,0.00049416,0.00046729,0.00048568,7340409.89823545,80947120.27200188
08-11-2020,0.00047371,0.00048656,0.00045934,0.00048653,6461216.18542555,81087950.75891292
07-11-2020,0.00047804,0.00051116,0.0004516,0.00047371,8218270.53074716,78951422.97137068
06-11-2020,0.00043706,0.00049421,0.00043151,0.00047803,9405401.90431741,79668857.56573707
05-11-2020,0.00045847,0.00046221,0.00042962,0.00043708,7616868.46080587,72843668.91354616
04-11-2020,0.00045742,0.00046696,0.00044702,0.00045846,5825406.93418073,76407180.03488696
03-11-2020,0.0004566,0.00046101,0.00044138,0.00045708,4318811.2343027,76172226.58859631
02-11-2020,0.00046444,0.00047313,0.0004485,0.00045692,5092519.9904216,76134615.3270525
01-11-2020,0.0004641,0.00046957,0.00045806,0.00046444,4312643.44370406,77388694.27659132
31-10-2020,0.00046091,0.00047348,0.00045485,0.0004641,4647748.61485009,77332592.3851731
30-10-2020,0.00046704,0.00047381,0.00044572,0.00046091,4759803.33319373,76797903.93174048
29-10-2020,0.00047557,0.00048269,0.00046101,0.00046704,4601863.34497625,77819671.08586115
28-10-2020,0.00050347,0.00050458,0.00046317,0.00047555,4823621.53404778,79237839.62107518
27-10-2020,0.00048262,0.00051523,0.00047306,0.00050339,6062969.96674588,83876812.79741505
26-10-2020,0.00049376,0.00051048,0.00047745,0.0004826,4580331.14973142,80412847.79019032
25-10-2020,0.00050394,0.00051919,0.00049245,0.00049372,4140580.7782217,82260304.25878198
24-10-2020,0.00051259,0.000523,0.00049431,0.00050397,4569111.06294858,83967769.76671118
23-10-2020,0.00053201,0.00054221,0.0004929,0.00051257,6571445.29185948,85394081.72316648
22-10-2020,0.00053059,0.00054801,0.00052076,0.00053236,5804436.43264391,88627566.36429237
21-10-2020,0.00050899,0.00054272,0.00049831,0.00052984,6582795.80575969,88208952.81686261
20-10-2020,0.00049555,0.00051468,0.00048351,0.00051036,5961691.01286705,84962336.21931294
19-10-2020,0.00049439,0.00050476,0.00048115,0.00049703,4487086.67477248,82742494.9796446
18-10-2020,0.00048265,0.00050379,0.00047642,0.0004909,3713221.73843758,81722673.92112532
17-10-2020,0.00047427,0.00048828,0.00046849,0.00048228,3571121.98135062,80286816.21445844
16-10-2020,0.00049235,0.00049495,0.00046683,0.00048249,4310612.71348404,80319232.91943632
15-10-2020,0.00049315,0.00049697,0.00047526,0.00048698,4391861.95343225,81065587.36658221
14-10-2020,0.00050361,0.00050618,0.00048425,0.0004928,4120026.57954052,82033721.90926757
13-10-2020,0.00050934,0.00051791,0.0004887,0.00050367,4479400.20660976,83842620.14496063
12-10-2020,0.00050205,0.00052653,0.00049765,0.00051312,5690559.76169469,85411448.88376822
11-10-2020,0.00047791,0.00052257,0.00047215,0.00050125,5510037.46434001,83436286.69311678
10-10-2020,0.00047944,0.00049563,0.00047641,0.00047863,4401693.00184525,79670953.34712894
09-10-2020,0.000472,0.00048694,0.00046044,0.00047864,4722781.41181782,79668888.43531416
08-10-2020,0.00046071,0.00047721,0.0004417,0.00047197,4415931.06401129,78559025.9618846
07-10-2020,0.00045246,0.00046612,0.00043651,0.00046174,4008317.3986971,76856537.51446639
06-10-2020,0.00046617,0.00047088,0.0004457,0.00045276,3832393.1975823,75352643.17929111
05-10-2020,0.00047066,0.00048457,0.00046169,0.00046612,3910492.51674748,77576438.37286773
04-10-2020,0.00046741,0.00047653,0.00045988,0.00047005,2799380.4813566,78230551.7489869
03-10-2020,0.0004776,0.00047879,0.00046128,0.00046881,3117807.82265971,78015428.3631219
02-10-2020,0.00047946,0.00048208,0.00044867,0.00047708,4236511.53766304,79392283.03668123
01-10-2020,0.00048611,0.00049859,0.00046766,0.00047864,4344005.28432853,79651187.55301689
30-09-2020,0.00048799,0.00049315,0.00047918,0.00048445,3548081.99308169,80617874.68367314
29-09-2020,0.0004832,0.00050388,0.00047236,0.00048811,4589869.16479215,81216761.04354694
28-09-2020,0.00047804,0.00049542,0.00047658,0.00048292,4240727.40420496,80353434.10644954
27-09-2020,0.00049344,0.00050493,0.00047489,0.000477,4151712.20139776,79368514.1433871
26-09-2020,0.00049883,0.00050521,0.00049213,0.00049302,3526642.99544393,82032820.15228084
25-09-2020,0.00049145,0.00050396,0.00047981,0.0004997,4497192.81644653,83187711.55348556
24-09-2020,0.00046249,0.00050619,0.00045728,0.00049203,5096134.2423815,81911062.68424812
23-09-2020,0.00050578,0.00051197,0.00046161,0.00046322,4230414.01939444,77113706.27815484
22-09-2020,0.000493879499934,0.000509657935526,0.000474630040723,0.000503244642588,4328259.11131739,83777233.4044094
21-09-2020,0.000542755548023,0.000551163417707,0.000465608530561,0.000495896922095,6897894.40765601,82544978.9988768
20-09-2020,0.000553335238347,0.000562027157349,0.0005182458274,0.000542863971731,5511559.37586049,90362922.5131544
19-09-2020,0.000644322229983,0.00064667058067,0.000518861254216,0.000554143643359,7001822.17365557,92240490.6450838
18-09-2020,0.000636786244363,0.00064937785885,0.000545259996233,0.000644397720005,40914472.9982309,107263816.117307
17-09-2020,0.000575373164104,0.000639816872312,0.000548595505872,0.000636786244363,26523629.7907371,105983588.254329
16-09-2020,0.00056359179486,0.000584012208175,0.000552682066496,0.000577494954771,6087283.05283445,96115435.9837457
15-09-2020,0.00057562839714,0.000587020190859,0.00055886972036,0.000563704073778,6262672.73892526,93875215.9084452
14-09-2020,0.000562747343324,0.000582531374832,0.000549887073114,0.000574591213376,7259475.87779764,95469937.052507
13-09-2020,0.000598197982436,0.000608890181216,0.000553015931848,0.000563344536663,6290426.9933712,93601270.2632406
12-09-2020,0.000603131190578,0.000608107196322,0.000585064534451,0.000598197982436,6241391.33682973,99392267.7525006
11-09-2020,0.000562798627849,0.00061475251964,0.000543747365001,0.000604789320632,7028648.77198363,100487437.027656
10-09-2020,0.000561212962013,0.000582378080616,0.000549882649582,0.000561762672512,5748458.25851103,93338439.1105777
09-09-2020,0.000544478440217,0.000577784334847,0.000533922058498,0.000560689929422,4594261.96367838,93160199.8460507
08-09-2020,0.00056756200024,0.000579354942187,0.000530066986558,0.000545531690571,4812347.85923627,90641616.0681522
07-09-2020,0.000561911460975,0.000578104857843,0.00051566200552,0.000567306618734,5827707.5577802,94259581.280029
06-09-2020,0.000548049881151,0.000573422452369,0.000521672583794,0.000563120664071,6342795.35969267,93564073.2059789
05-09-2020,0.000617467333806,0.000630669494042,0.000519421052645,0.000548049881151,7635766.24318641,91060020.4756026
04-09-2020,0.000619855924149,0.000626285992193,0.000584559050948,0.000618223331861,8641789.20428374,102719535.56404
03-09-2020,0.00071312431944,0.000722090813549,0.000608302617342,0.00061922238698,9750375.02796555,102885531.366103
02-09-2020,0.000755136114315,0.000760046032524,0.000691687288974,0.000713094629412,7983374.48637931,118454748.184528
01-09-2020,0.000741743550654,0.000760880831702,0.000724617509856,0.000755201462834,10834397.5178617,125449267.767383
31-08-2020,0.000749825044221,0.000752534066313,0.000731384183418,0.000742095856544,8981228.71440388,123272247.735459
30-08-2020,0.000770981502773,0.000770981502773,0.000732719029086,0.000749806591271,9204686.89520072,124553105.98727
29-08-2020,0.000740073119257,0.000779795432598,0.00071926174027,0.000752965435538,8226029.63276763,125077833.122728
28-08-2020,0.000717816186444,0.000770594143319,0.000717816186444,0.000740532089838,8763552.49786265,122998427.701703
27-08-2020,0.000746661632691,0.000749265628163,0.000703529429349,0.000719355123694,8025304.90544196,119481046.65239
26-08-2020,0.000752377571298,0.000769017546213,0.000725135453986,0.000746624340399,7701256.56638765,124010318.003893
25-08-2020,0.000784594491844,0.000791444428899,0.000710586840838,0.00075301505751,9128523.47916662,125106725.110022
24-08-2020,0.000777403871265,0.00080015425004,0.000770846174464,0.00078499599957,8131043.22045605,130272101.201118
23-08-2020,0.000791478381791,0.000792160678052,0.000751667329125,0.000777224316495,6855376.61304277,128982370.445032
22-08-2020,0.000780662217556,0.000801173206339,0.000754405479381,0.000791134501081,7906954.98479629,131291912.228803
21-08-2020,0.000858500521991,0.000859912123644,0.00076573209363,0.000781464399921,10686496.9864194,129672535.666575
20-08-2020,0.000828779018786,0.000874049360181,0.000824414919336,0.000859243309109,10019852.119639,142578802.89616
19-08-2020,0.000850248563643,0.000876878270483,0.000791584399176,0.000830591129263,14485576.8654238,137805260.924607
18-08-2020,0.000891470138431,0.000903002362088,0.000809016830551,0.000875683599649,15486758.9405996,145286655.112854
17-08-2020,0.00090758034097,0.000922082780833,0.000879891400065,0.00089006037601,14378555.4286215,147671938.735423
16-08-2020,0.000862117820721,0.000920955844279,0.000846394167954,0.00090758034097,14141617.7812565,150578715.918133
15-08-2020,0.000854926315895,0.00087385291404,0.000849295984122,0.000860673090051,8872025.22505157,142796227.369424
14-08-2020,0.000867472834809,0.00089330050541,0.000850620023425,0.000854926315895,10779642.1931285,141850401.036806
13-08-2020,0.000864516533937,0.000900573869895,0.00082485149619,0.000861878467931,13041137.8843159,143003910.451641
12-08-2020,0.000826164807675,0.000883368264802,0.000800708725732,0.000862559391359,13938755.0984221,143104834.379173
11-08-2020,0.000856110668383,0.000870667308476,0.000802029506126,0.000826784478137,12068412.3024928,137169517.828394
10-08-2020,0.000840478154316,0.000884305787632,0.000825911513608,0.000856074376407,15284303.1039836,142028923.549207
09-08-2020,0.00085461357433,0.00088158814126,0.000830481405955,0.000834769960075,12906639.6358574,138494366.9711
08-08-2020,0.000852154892928,0.000899603095112,0.000828334404851,0.000855110434049,17650360.4688334,141868998.548245
07-08-2020,0.000793310898046,0.000868133950589,0.000754080879636,0.000852426094248,18250951.273336,141417758.339575
06-08-2020,0.000783241016084,0.00080217281242,0.000770619443565,0.000794823240331,9692905.02775677,131861426.676488
05-08-2020,0.000782076398161,0.000791046964477,0.000772703433389,0.000781227728203,7731534.23836231,129596188.915641
04-08-2020,0.000781259357206,0.000790779556933,0.000769887476659,0.000784851397492,8224350.42340269,130197311.626461
03-08-2020,0.000770440801377,0.000790142578061,0.000761919697634,0.000781268665739,9457346.95093597,129583506.834016
02-08-2020,0.000809575850507,0.000833276500764,0.000751151640399,0.000769949575628,13491374.6675999,127706089.429382
01-08-2020,0.000769867866882,0.000825445859608,0.000757498966663,0.000809760207201,13490067.6145548,134309197.265055
31-07-2020,0.000770238426085,0.000780906355912,0.000736447083251,0.000769867866882,7698310.49340272,127692536.977697
30-07-2020,0.000761501391789,0.000779261527879,0.000737937124025,0.000771787687289,9157684.07641871,128010964.007655
29-07-2020,0.000793850258352,0.000811246365856,0.000737248501003,0.000762164490512,11193275.5011315,126414832.433457
28-07-2020,0.000725539434952,0.000799861866946,0.00070958324934,0.000793131275216,13376906.0983162,131480921.4897
27-07-2020,0.000758889899786,0.000762561881417,0.000714754085728,0.000740103999842,13770811.9510882,122668963.699179
26-07-2020,0.000775928650456,0.000778117630693,0.000727717544352,0.000759049244106,10830353.2243867,125809054.120781
25-07-2020,0.0007875544621,0.000799205055628,0.000756424891981,0.000765310312105,10510459.5211707,126820625.417687
24-07-2020,0.000788611388914,0.000801120819939,0.000769036332044,0.000787675153052,9026236.94284203,130526734.000576
23-07-2020,0.000782087689173,0.000799300029301,0.000767858942477,0.000788611388914,10940209.2238273,130696304.337176
22-07-2020,0.000752033181438,0.00080926727816,0.000745101750515,0.000780554097512,16177235.7456558,129360972.101283
21-07-2020,0.000709774077877,0.000775289072882,0.000699445659499,0.000751084520277,18344015.5301343,124456028.738419
20-07-2020,0.000718514174459,0.000730559345083,0.000697160299567,0.00070802397991,10230644.7331784,117216337.746964
19-07-2020,0.000700094037789,0.000728665918864,0.000687283723081,0.00071946687415,11460214.4849756,119110756.854363
18-07-2020,0.000707538796297,0.000727975820506,0.000697149351484,0.000701345521016,8783757.06650787,116110690.882506
17-07-2020,0.000744105922125,0.000764768725038,0.000702139204853,0.000710442688052,13881660.0268208,117616765.018537
16-07-2020,0.000695959798754,0.000751564393741,0.000661852524261,0.00074891164631,17745577.8832696,123965462.090675
15-07-2020,0.000722822263023,0.000734429244945,0.000697054868437,0.000697054868437,7950481.73600047,115428033.917765
14-07-2020,0.000717249075925,0.000737809978073,0.000700900467135,0.000723156727353,9425002.36091739,119731540.448242
13-07-2020,0.000705759267653,0.000779757880655,0.000688034508044,0.000718600437744,20043610.1047513,118977165.147592
12-07-2020,0.000713830831823,0.000729624386311,0.000693291203511,0.000705759267653,8667590.02622838,116819348.650211
11-07-2020,0.000733665644684,0.000734999173968,0.000697613149468,0.000714115564739,11673335.1117237,118202507.508274
10-07-2020,0.000804663768879,0.000811464406028,0.000706035504331,0.000736799152637,21738876.5507146,121957670.06383
09-07-2020,0.000628732850196,0.000844698937694,0.00062841873227,0.000809902260782,84232902.434101,134029036.132236
08-07-2020,0.000559460033563,0.00064803079945,0.000558023945458,0.000628732850196,14345263.5299579,104047688.192744
07-07-2020,0.000566257264994,0.000594719054386,0.000556907588899,0.000559047360654,6052300.69212051,92515581.8535179
06-07-2020,0.000555364158596,0.00060081701708,0.000546252703261,0.00056766771804,11149106.802509,93913310.8560223
05-07-2020,0.000561586150318,0.000565732479318,0.000545968881189,0.000555364158596,4788788.15468398,91877845.4490947
04-07-2020,0.00055013557129,0.000570094537136,0.000546346471972,0.000562279152639,5148627.11181419,93021842.1297058
03-07-2020,0.000556272562952,0.00057208697481,0.000535391520323,0.000552288606738,5107889.87671139,91369035.0156048
02-07-2020,0.000547720355135,0.000580103811067,0.000534142066157,0.000556812514012,10589361.5250821,92117457.1939416
01-07-2020,0.000531504126418,0.000552303975378,0.000522545093758,0.000549579467829,11123050.6397102,90821948.9098119
30-06-2020,0.000543862023233,0.000546861221765,0.000529103015068,0.00053233434873,10687596.5112928,87972069.2883259
29-06-2020,0.000539488923786,0.000550309255622,0.000532208136738,0.00054319189538,11680234.489836,89766356.7478403
28-06-2020,0.000536980776575,0.000544031691716,0.000523144683575,0.000539488923786,10110941.3833545,89154414.1324197
27-06-2020,0.000552472102139,0.00056568192851,0.000527265821916,0.000536980776575,10307550.4750402,88739924.8161511
26-06-2020,0.000562251369287,0.0005679175777,0.000546828382489,0.000553541109311,9971781.83512535,91476638.5795307
25-06-2020,0.000571061582044,0.000574909286485,0.000556078207291,0.00056167312823,7208476.40046953,92820513.0326878
24-06-2020,0.000592346782182,0.000601121894827,0.000560463895879,0.000569733497411,5785966.1132119,94152546.8527336
23-06-2020,0.000590702224335,0.000599700911759,0.00057855390265,0.000584764367635,9614392.11451909,96636505.9659567
22-06-2020,0.00056951030431,0.000594282203206,0.00056951030431,0.000590386814599,8994108.2383453,97565655.6536801
21-06-2020,0.000575276620086,0.000584748425304,0.000566105994226,0.000569107855903,8123505.5748425,94027089.9025158
20-06-2020,0.000566285206448,0.000582987026261,0.000554220762704,0.000574649774908,9953813.17529334,94942716.8985424
19-06-2020,0.000576388041413,0.000579470064593,0.000560566726429,0.000566285206448,9693772.40970515,93560736.2732069
18-06-2020,0.000585509587341,0.000591253453069,0.00057214533509,0.00057686930544,10499546.9398349,95309424.1838295
17-06-2020,0.000583077824287,0.000606151680278,0.000578435487863,0.000585509587341,10753506.4574382,96736957.7429987
16-06-2020,0.000587726266152,0.000601915322509,0.000567567124835,0.000582730499499,13511236.2845521,96277801.2937312
15-06-2020,0.000592563994639,0.000600521529502,0.000553543610146,0.00058783881051,11322888.1804253,97121788.2703635
14-06-2020,0.00061328832544,0.000618652132487,0.000590472079316,0.000592563994639,9342134.87019496,97902475.6362029
13-06-2020,0.000608389619355,0.000615279014213,0.000590294545526,0.00061294881562,9740934.94108965,101270423.161696
12-06-2020,0.000578467287738,0.000610880324927,0.00057546229275,0.000607915132812,9676330.34996715,100438766.137427
11-06-2020,0.000637804539679,0.000641793446284,0.000567493613196,0.000578511251071,11098191.8606652,95580703.8153786
10-06-2020,0.00063852145441,0.000643497612436,0.000629525427573,0.000637804539679,11237656.9023348,105377046.144398
09-06-2020,0.000638046387931,0.000642393190548,0.000626726779092,0.000639192075569,10839445.7766718,105586330.636841
08-06-2020,0.000631953771236,0.000636781831617,0.00062579262131,0.000636781831617,10591612.0476523,105188189.257187
07-06-2020,0.000638931976483,0.000645666369198,0.000613393334372,0.000631969449296,10524516.5684762,104393245.436202
06-06-2020,0.000646940497668,0.000648785515444,0.000633384371183,0.000638931976483,11397724.6850704,105530523.071939
05-06-2020,0.000650215297213,0.00065629087084,0.000640865521883,0.000646940497668,15315398.4459724,106853267.058455
04-06-2020,0.000650739733255,0.000653339097323,0.000628872131415,0.000650399292258,13617986.6775983,107411958.635709
03-06-2020,0.000622134590069,0.000657179535355,0.000613581157884,0.000651176659976,12597189.7482549,107511036.190362
02-06-2020,0.000630714137554,0.000645420054988,0.000581810893173,0.000622134590069,13007414.1935717,102716111.524405
01-06-2020,0.000631036410314,0.000648022548848,0.000611200058583,0.00062927270935,12357332.3587729,103894634.416148
31-05-2020,0.000587030051309,0.000689459674702,0.000560577401776,0.000633267052942,21441991.5257157,104544612.392364
30-05-2020,0.000565154757412,0.000600273055786,0.000550466651361,0.000587030051309,10413266.4612912,96911451.3247699
29-05-2020,0.000567421441499,0.000574981728321,0.000543473854719,0.000564268999131,7740831.24123227,93153881.1708567
28-05-2020,0.00056282178552,0.000578932514551,0.000529424206813,0.000567157382021,10370663.1246043,93630717.7096802
27-05-2020,0.000563645093545,0.000572734879523,0.000555132214327,0.000561799859952,6001646.23169624,92739046.8547123
26-05-2020,0.000575075633949,0.000577248701736,0.000545214378254,0.000563645093545,7848258.57614217,92512047.4153375
25-05-2020,0.000538361807698,0.000581949456642,0.000534222379142,0.000574325010463,8890544.77745949,94242085.3909862
24-05-2020,0.000531593221255,0.000591595162133,0.000524391916205,0.000538815290922,19895680.3800533,88415227.8447772
23-05-2020,0.000534739769231,0.00053803146653,0.000519954683522,0.000533712719064,4473586.48418749,87577937.1052226
22-05-2020,0.000518263686173,0.000539047424952,0.000507500945391,0.000534941305151,6498642.6955056,87779538.1374115
21-05-2020,0.000524128674875,0.000530494579943,0.000494205762505,0.000518368979394,7865833.2216512,85060153.6239992
20-05-2020,0.000538654907988,0.000544874654066,0.00052034967304,0.000524380863549,7287243.2145765,86046655.1511388
19-05-2020,0.000541091920642,0.0005458549157,0.000531829749208,0.000539095412632,6087499.91700915,88461193.5499663
18-05-2020,0.000539601808961,0.000547508126278,0.000532611506149,0.000541313573692,7053247.97785843,88825175.8251923
17-05-2020,0.000533611522175,0.000548415152584,0.000531437428,0.000539365971961,7152053.31176873,88505590.1458353
16-05-2020,0.000530256379566,0.000554228046161,0.000524146152684,0.000533611522175,7684691.06967521,87561331.5148675
15-05-2020,0.000521542205564,0.00054956329195,0.000509832054151,0.000530782121499,9310372.15907092,87097049.7662841
14-05-2020,0.000516951243755,0.000531265296353,0.000502388881371,0.000521156659494,6584889.86184011,85517589.3637646
13-05-2020,0.000491217997859,0.000526818193698,0.000490737367466,0.000519981825035,7073162.14513478,85324808.5386425
12-05-2020,0.000487574269831,0.000510786474386,0.000480790460344,0.000492191548392,6479354.92548579,80764649.0876073
11-05-2020,0.000470910702529,0.000515576612751,0.000465203371301,0.000490291113483,10206657.4368154,80452803.1019526
10-05-2020,0.000527030781503,0.000527030781503,0.000440448115974,0.000472211041947,9934235.8798152,77486009.7105291
09-05-2020,0.000536708093184,0.000546448233031,0.000519129177414,0.000523462309681,10124262.9387141,85895927.8965578
08-05-2020,0.000553180207655,0.000561765974407,0.000532692017214,0.000536094680063,10700486.5303033,87968797.6245735
07-05-2020,0.000514575517323,0.000570785157123,0.00048367740847,0.000551207019936,17297899.0384691,90448610.2721555
06-05-2020,0.000551206537416,0.000555308599943,0.000511611610648,0.000514311023294,12603862.8564888,84394275.874777
05-05-2020,0.000574555891581,0.000581897803098,0.000545858884609,0.000549741603385,12304604.9961764,90208147.2778288
04-05-2020,0.00050941251342,0.000597310322486,0.000495164660416,0.00057749620778,34554119.5277488,94762453.2017132
03-05-2020,0.000436894572289,0.000577747039139,0.000411722187076,0.000508274603367,32826487.327551,83403748.226055
02-05-2020,0.00036519876029,0.000439499399757,0.000361305613543,0.000438231966297,11403514.7751381,71910318.4371636
01-05-2020,0.000356175830081,0.000365498344964,0.000352997253485,0.000364767937546,7097361.56570606,59850602.3952113
30-04-2020,0.000365173540386,0.000384825787323,0.000350910447883,0.000356175830081,8116399.91288443,58440821.6697335
29-04-2020,0.00034775418091,0.000369209310785,0.000345278205583,0.000364932786286,7912513.30087808,59877650.5411078
28-04-2020,0.000349413081781,0.000349698437283,0.000342248869607,0.000347768974932,5923822.4878573,57061436.879771
27-04-2020,0.000351976687639,0.000357723479752,0.000342890187395,0.000349342336996,6526673.19900157,57317299.8206042
26-04-2020,0.000352529044106,0.000360548788172,0.000346819568773,0.000351848124301,7221853.35461509,57728429.3833202
25-04-2020,0.000337875617875,0.000354094444455,0.000335287163124,0.000351374857018,6975288.4482176,57650779.4683736
24-04-2020,0.000328370190121,0.000339694397701,0.000327650026789,0.000338097644893,6095970.74251249,55472360.5721861
23-04-2020,0.000322690860982,0.000333721181908,0.000320133673975,0.000329215240924,5744206.63629949,54052358.4115308
22-04-2020,0.000317291491221,0.000327493890798,0.000314669622099,0.000322766623802,4892283.32794301,52912897.5353013
21-04-2020,0.000315449026816,0.000323634371804,0.000313235365643,0.000316851654756,3721908.44152386,51940583.8860509
20-04-2020,0.000344170420517,0.000346183182817,0.000314840196244,0.000315423053129,5251172.43717929,51706397.3147228
19-04-2020,0.000349142648926,0.000349421399743,0.000338724205204,0.000344092873256,5770520.62695312,56389765.4713421
18-04-2020,0.00033921561044,0.000349865741356,0.00033921561044,0.000349030493227,6496551.0802256,57198940.1267676
17-04-2020,0.000341508529514,0.000345648751264,0.000338380185803,0.000339519122922,5731788.0707419,55640221.5873952
16-04-2020,0.000327051474807,0.000348161294135,0.000321556650961,0.000341275697053,6166410.61959052,55928088.0646716
15-04-2020,0.000334767624471,0.000340475841182,0.000326226300655,0.000326660932157,4321311.64553558,53533027.8092646
14-04-2020,0.000336997993185,0.000341626007563,0.000332148530137,0.000334737477015,4969917.91368161,54879193.4656613
13-04-2020,0.000342438486906,0.000342438486906,0.000326223031797,0.000336997993185,5587839.05378559,55249798.2313181
12-04-2020,0.000337675136308,0.000348399098262,0.000333842558878,0.0003420285021,5068251.29291557,56069951.7189701
11-04-2020,0.000341272049668,0.000343878824306,0.000331400309287,0.000337583298227,4341223.9921949,55341233.6004221
10-04-2020,0.000368387088207,0.000376079942003,0.000334551595511,0.000341272049668,6170017.43732488,55947062.2719152
09-04-2020,0.000365661110042,0.000376267682379,0.000356447757872,0.000368571018884,7606826.53009642,60422369.0899581
08-04-2020,0.000347642929179,0.0003674190514,0.000346411853719,0.00036499734448,4717834.72896588,59832010.5580838
07-04-2020,0.000355212871017,0.000362006832545,0.000345788610266,0.000347573591762,6168228.82700328,56975830.4451297
06-04-2020,0.000330316246948,0.000356924695912,0.000329702755667,0.000354077834329,7113662.11723354,58042035.2157302
05-04-2020,0.00033248034895,0.000334202395863,0.000326579331858,0.000330450952513,4823136.80657138,54169010.209799
04-04-2020,0.000328264113144,0.000334868852879,0.000323283762291,0.000332691695925,4957649.94188704,54536322.9738843
03-04-2020,0.000331852991514,0.000337905587544,0.000325516162314,0.000328264113144,5247591.37757115,53810533.6395071
02-04-2020,0.000341689630693,0.000346201163664,0.000323199379352,0.000331227500115,7160654.08765316,54296305.3943377
01-04-2020,0.000338467410361,0.000339753815012,0.000308990680974,0.000332573755536,8925873.31487923,54516989.6535011
31-03-2020,0.000332180242593,0.000339899604998,0.000327951453991,0.000338467410361,5996551.57167576,55483104.1281625
30-03-2020,0.000312535004024,0.000338558856464,0.000312249618588,0.000333173357464,6979105.6401302,54615279.1052719
29-03-2020,0.000321177931878,0.000333469565511,0.000312127657104,0.000312620847253,6102406.8951916,51246218.95583
28-03-2020,0.000314299691126,0.000333933146159,0.000297614804134,0.000321244105739,5783056.61830721,52659782.370968
27-03-2020,0.000324992279528,0.000341739517052,0.000309787309943,0.000314247170035,6089795.4507619,51512813.119692
26-03-2020,0.000316751386882,0.000328619499818,0.000316751386882,0.000325779760979,5506980.03926693,53403287.4301462
25-03-2020,0.000337302991149,0.000345960649516,0.000316583409358,0.000316751386882,6205246.40977569,51923315.6373004
24-03-2020,0.000328618125527,0.000350921830925,0.000315181211138,0.000337085357036,6960532.5749698,55256551.7151551
23-03-2020,0.000307132273576,0.000329372524106,0.00030089011088,0.000328573506502,5533710.90815957,53861250.7938712
22-03-2020,0.000327164680107,0.000337679167569,0.000304535443176,0.000307132273576,5664525.58194413,50264373.5898141
21-03-2020,0.000329735042387,0.000337640227849,0.000315163385039,0.000327265394531,5788586.91570212,53559301.5419579
20-03-2020,0.000336430107244,0.000367462478444,0.000314423570854,0.000329533396993,7250656.35369954,53930476.2209497
19-03-2020,0.00029827786635,0.000354945714479,0.000297722141343,0.000337133086393,7434205.65997482,55174219.2594801
18-03-2020,0.000297980854605,0.000303004035477,0.000293324929355,0.00029827786635,4148747.26322877,48815287.0853512
17-03-2020,0.000286309237375,0.000310842048815,0.000285370334835,0.000298462899026,4509608.06327676,48845568.9943297
16-03-2020,0.000312938337309,0.000316134336388,0.000263568204291,0.000287321874752,6179661.53515737,46983572.6179255
15-03-2020,0.000314695415834,0.000339565407976,0.000303750625961,0.000313007362326,4017761.91786706,51183726.0928444
14-03-2020,0.000324772962603,0.000344087804739,0.000309513453803,0.000315504942172,5094660.66224145,51592136.4311276
13-03-2020,0.000302373146455,0.00035286476604,0.000218929983954,0.000324740504351,8107481.01618672,53101383.8266736
12-03-2020,0.00052956623376,0.000529873324729,0.000300435198488,0.000302119121887,8796709.70216589,49402348.144902
11-03-2020,0.000546187768901,0.000548759688712,0.000506514374171,0.000524426728033,7687981.74643329,85753962.3210884
10-03-2020,0.000538265831027,0.000565415129554,0.000529687801407,0.000545331629802,8335525.13122394,89172320.0492477
09-03-2020,0.000548549229043,0.000574238861366,0.000517507698605,0.00053616652764,9184241.30197104,87660172.8077471
08-03-2020,0.000636240741566,0.000636399291676,0.000548596053361,0.000548596053361,9073818.10357858,89692329.4539613
07-03-2020,0.000644071276576,0.000657613721624,0.000628118816101,0.000634946342584,8289703.92920794,103810109.817098
06-03-2020,0.000651645114471,0.000657352252844,0.00064116450783,0.000645075776751,8281296.43833975,105466214.597514
05-03-2020,0.000634714268094,0.000672492673026,0.000634714268094,0.000650514189088,8828519.65046727,106355364.032783
04-03-2020,0.000630880322927,0.00064404132863,0.000628001458981,0.000634931473818,7191602.24803124,103797243.774931
03-03-2020,0.000637296910154,0.000646031548936,0.000627596784063,0.000631565027071,6718305.71523498,103235746.588396
02-03-2020,0.00060907091758,0.000644402845961,0.000605869293086,0.000638916730432,7363430.36603983,104437457.501188
01-03-2020,0.00062176453631,0.000628448620267,0.000602229595517,0.000609190338552,7159884.36287664,99565248.7859415
29-02-2020,0.000630293056253,0.000641509976664,0.000622139266885,0.000622139266885,7038177.52493401,101681604.199671
28-02-2020,0.000638149245571,0.000651472739918,0.000616360783665,0.000630984085028,7260387.95252731,103127189.369271
27-02-2020,0.000624159416509,0.000657662651388,0.000603893221517,0.000636945838648,7368665.75243394,104159200.282532
26-02-2020,0.000663060746819,0.000666569201771,0.00061166932141,0.000623444562972,8905183.06412084,101327903.824658
25-02-2020,0.000700372944305,0.000702720970369,0.000659829172118,0.000662047816119,8783298.82138098,107590405.018369
24-02-2020,0.000748199173358,0.000752623104441,0.00069065487917,0.000699009879984,9238097.00065282,113584600.641823
23-02-2020,0.000732267741813,0.000754623536087,0.000731373148169,0.000748775693421,8329792.32995944,121671224.603399
22-02-2020,0.000737107614007,0.000738547237833,0.000720121465907,0.000732473389537,7202279.68971437,119005329.097567
21-02-2020,0.000728006966747,0.000754336916957,0.000723012352842,0.000736622016986,8970343.09682489,119679358.737311
20-02-2020,0.000741846636661,0.000743559673917,0.000710344307303,0.000727668155869,12828713.5091254,118284518.781535
19-02-2020,0.000800819124447,0.000809699028032,0.000742170094857,0.000743003676394,9626100.8106053,120764596.161388
18-02-2020,0.00080939697303,0.000818539615832,0.00075870012825,0.000800917806646,14592393.6333108,130177707.797476
17-02-2020,0.000834187671467,0.000834187671467,0.000733160012082,0.000809288235656,15789921.1119488,131538201.037558
16-02-2020,0.000853614756979,0.000897936770976,0.000786969650198,0.000836021664469,14881493.2722732,135873861.738265
15-02-2020,0.000897501624676,0.00094918727312,0.000819919084024,0.000843642765389,18414690.253675,137096025.033019
14-02-2020,0.000876714044434,0.000906852749655,0.000858404098348,0.000897501624676,13582344.4239344,145841681.028973
13-02-2020,0.000863228061738,0.0009169762004,0.000843882358208,0.000875271784865,17734529.4384943,142229389.844307
12-02-2020,0.000772833259807,0.000889460963334,0.000772833259807,0.00086108041018,20053830.6232799,139874633.004863
11-02-2020,0.00076773717439,0.000788700820237,0.000744166881503,0.000773128955596,12110138.1082162,125567355.95707
10-02-2020,0.000806073604906,0.000814659181977,0.000753828782547,0.00076843517954,12793589.7889492,124794153.999125
09-02-2020,0.000807364047346,0.000855113366372,0.000797267420984,0.000801018163055,12480076.7276997,130085642.430142
08-02-2020,0.000779709203547,0.000835841807171,0.000750556576595,0.000807402485847,14153161.2039681,131093337.403298
07-02-2020,0.000747564145768,0.000787704057018,0.000744425169994,0.000779378030287,13912115.4598996,126528249.068361
06-02-2020,0.000712295359441,0.000751849808754,0.000704679625849,0.000746776112571,10414938.1973523,121235485.602399
05-02-2020,0.000698901119361,0.00072033878636,0.000697109619096,0.00071313950752,10006056.2520873,115759994.153433
04-02-2020,0.000668660736844,0.000698770316382,0.000662469595922,0.000698382081473,9466882.37381961,113364502.759524
03-02-2020,0.00068141869235,0.000697660546395,0.000663616721645,0.000667697662643,7152275.25988715,108383670.668599
02-02-2020,0.000650345707743,0.000700812044841,0.000644781322768,0.00068141869235,9434281.29021838,110610929.573641
01-02-2020,0.000643151263851,0.000657180317692,0.000640737250971,0.000650451925592,6773686.73888687,105626180.781188
31-01-2020,0.000651888134311,0.000658646981061,0.000639468720097,0.000641705023062,7384530.4807951,104203984.339048
30-01-2020,0.000667454843432,0.000668778220989,0.000644287352506,0.000652139168623,9819122.30187865,105694395.478047
29-01-2020,0.000655690754895,0.000692141538403,0.000653642481205,0.000668444253207,9426593.82716169,108324609.227136
28-01-2020,0.00066191166142,0.000671088265789,0.000641172663765,0.00065501300948,10255398.8366662,106148011.521072
27-01-2020,0.00064660941972,0.000672411542637,0.000644412465597,0.000660003451419,8362785.54164264,106956736.662054
26-01-2020,0.000628189865581,0.000650272705213,0.000622743888049,0.000646523543508,7763455.07576222,104772252.690696
25-01-2020,0.000642535726261,0.000643815190944,0.000621427916938,0.000628213639223,7359070.77581483,101805044.554575
24-01-2020,0.000637574333754,0.000650446352649,0.000628632710864,0.000643409635824,6991455.82641892,104254545.868131
23-01-2020,0.000675522307988,0.000677540188708,0.000635848799616,0.000636981207588,7231452.72077082,103212918.840691
22-01-2020,0.000676088339032,0.000680594483962,0.000668804890968,0.000675976066342,7158720.00409073,109526482.362848
21-01-2020,0.000680445053433,0.000684993230268,0.000670146488773,0.000676426319346,7806114.14585832,109592671.315244
20-01-2020,0.000681554131088,0.000687607296787,0.000666404502679,0.000680284662673,9675091.90159226,110204863.735401
19-01-2020,0.000723959566894,0.00073138766713,0.000673730124097,0.000681133915253,12351392.7920567,110332222.879187
18-01-2020,0.000739947469031,0.000747928232232,0.000718055521422,0.000725803906788,10903912.8022499,117555536.460596
17-01-2020,0.000690247051542,0.00074511266148,0.000686964773679,0.0007409133976,12281296.758494,119954230.024164
16-01-2020,0.000722991202168,0.000730535294081,0.000679216792985,0.000701968801926,7692130.7544208,113649081.537432
15-01-2020,0.000718161481048,0.000742732770205,0.000707083273279,0.00072233128156,7880554.86752598,116946296.997384
14-01-2020,0.000679922567888,0.000741131576224,0.000676401134468,0.000718418850176,10154145.5313437,116326488.244798
13-01-2020,0.00068563433816,0.000690601660855,0.000674940710828,0.000680142472425,8835007.94250732,110128771.403969
12-01-2020,0.00067566312016,0.000704121547046,0.000672651804845,0.000685301199772,7685907.49081625,110945024.512051
11-01-2020,0.000684623096877,0.000691118374293,0.000675290558829,0.000676170929533,7530093.10602893,109464826.236981
10-01-2020,0.000677422152189,0.000688700143101,0.000661661337449,0.000685245979156,6489304.9761454,110933979.503833
09-01-2020,0.000675751076873,0.000695953749639,0.000668492660753,0.000678590313128,6937605.3928687,109856498.509864
08-01-2020,0.000686796931938,0.000705118818805,0.000666019408945,0.000676344108137,7399883.21121694,109492861.996827
07-01-2020,0.000702762064656,0.000706775919168,0.000680094443078,0.000686392457683,8780107.93217599,111119582.089306
06-01-2020,0.000679409626174,0.000709025924498,0.000679409626174,0.000703215710352,6191551.84376409,113843086.383441
05-01-2020,0.000684430269829,0.000699521896422,0.000677464858126,0.000679417289957,7684090.10273678,109990377.194875
04-01-2020,0.000683114387249,0.000705119368933,0.000664737530509,0.000683921502919,8562865.58641902,110719560.996906
03-01-2020,0.000608452878016,0.000692775897191,0.000602699058388,0.000683807335497,10923082.1408385,110701078.51494
02-01-2020,0.000629849352545,0.000630201680652,0.000600299949947,0.0006076804044,6874734.63387003,98408087.4448715
01-01-2020,0.000629177902552,0.000643135012803,0.000621463595478,0.000629774521445,7515274.4396878,101980219.036785
31-12-2019,0.000644734316772,0.000644877241078,0.000624400373906,0.000629097450109,5887955.58636147,101870579.982175
30-12-2019,0.000653849849502,0.00065779849612,0.000642124935388,0.000644947989886,7536440.80400986,104437278.79781
29-12-2019,0.000648202577531,0.000661309915234,0.000640369628377,0.000653815753945,7643413.41205847,105873247.529965
28-12-2019,0.000640495105408,0.000659394344213,0.000639326089354,0.000648666862609,8298949.33676779,105039480.763668
27-12-2019,0.000642767416781,0.000650104128042,0.000631067135875,0.000641154860878,8773446.76323367,103823052.413765
26-12-2019,0.000640403934757,0.000657705116837,0.000634229957865,0.000643203350337,8935982.81807206,103890555.064253
25-12-2019,0.000653675576206,0.000658267242207,0.000636784467098,0.000640403934757,7996404.80408015,103438391.936823
24-12-2019,0.000656381583723,0.00066754953334,0.000646165247979,0.000654832821572,7012716.6337328,105768953.584837
23-12-2019,0.000664466486943,0.000683672407083,0.000647243750615,0.000655704088776,5758023.45708734,105910201.891483
22-12-2019,0.000646592007934,0.000665202186459,0.000643151080074,0.000663488719182,5382850.88709688,107157965.225733
21-12-2019,0.000653108584985,0.000653877138007,0.000642125838552,0.000646422296882,4500520.444526,104401621.320436
20-12-2019,0.000655643826124,0.000661836899982,0.000643600292522,0.00065332467685,5644697.8219427,105515357.565736
19-12-2019,0.000665545944755,0.000668828618983,0.000628965306747,0.000655643826124,7453454.91909575,105889912.321687
18-12-2019,0.000583443636075,0.000665425304657,0.000578005602115,0.000665425304657,8875402.88613831,107469672.342244
17-12-2019,0.000645192827563,0.000647678536447,0.000570128980132,0.000583443636075,7091967.58231655,94227258.6168024
16-12-2019,0.000670389898688,0.000684990792724,0.000640133769018,0.000645192827563,6814839.34606683,104237448.211558
15-12-2019,0.000660403430383,0.000673673252814,0.000650550609055,0.000669914466171,5600569.54792045,108222774.530416
14-12-2019,0.000693616418604,0.000699230940751,0.000657539376912,0.000660065882897,6683745.38288068,106628463.615429
13-12-2019,0.000673641976025,0.000717029464876,0.000666875159673,0.000693963192192,7872562.11569343,112096990.896053
12-12-2019,0.000671305301844,0.000675930644414,0.000660013849944,0.000674386773252,7148354.44483902,108926240.471693
11-12-2019,0.000683852398916,0.000692266140506,0.000668986091693,0.000671927697134,5690316.53865123,108529190.212149
10-12-2019,0.000708543026218,0.000709396553962,0.000663378705897,0.000688450245452,8236881.3152292,111197898.165166
09-12-2019,0.000732296314948,0.000735979502995,0.000704480974201,0.000707976750405,7052154.63296483,114341643.016375
08-12-2019,0.000732391912052,0.000739335908079,0.000722271444036,0.000732350881094,6447894.46719605,118278182.102556
07-12-2019,0.00073376430366,0.000746435209362,0.000728384387032,0.000732424749844,5815766.3906178,118284364.512318
06-12-2019,0.000743160624373,0.00074831104258,0.000715118085165,0.000733964169428,7702723.82784122,118532976.082653
05-12-2019,0.000762099252137,0.000794201711969,0.000735429838986,0.000742638221331,8244797.50401118,119933809.02462
04-12-2019,0.000775371913137,0.000787819979702,0.000754122249351,0.000760609114039,6689387.88798952,122836053.417832
03-12-2019,0.000778866610775,0.000788554599976,0.000765426780715,0.000775440293074,5820062.74958,125231243.623375
02-12-2019,0.000795199550449,0.000802076861173,0.000769367550631,0.000778866610775,5932395.98305123,125824609.184766
01-12-2019,0.000802715100964,0.000807648665965,0.000769185388875,0.000794539576392,8558214.21226221,128356550.785861
30-11-2019,0.000835986311725,0.000841538361368,0.000794021926874,0.000801010958701,7791626.5898436,129198935.586766
29-11-2019,0.000812993505246,0.000847106655839,0.000810055945628,0.000835735169342,10426366.8379726,134799771.636729
28-11-2019,0.000836012786582,0.000847232997975,0.000808489311875,0.000814203126775,10944889.4211433,131326764.244699
27-11-2019,0.000814497516136,0.000842282577454,0.000769411668747,0.000834269949514,11790889.7228991,134563439.236876
26-11-2019,0.00080378995651,0.000831723441788,0.000791933746601,0.000815117361421,11733437.2695841,131474225.576977
25-11-2019,0.000774925198305,0.000817560231302,0.000719455757851,0.000804346744359,13967910.9286095,129736980.605598
24-11-2019,0.000823624871367,0.000830314110551,0.000776492722361,0.000776492722361,7584408.33606798,125244270.543568
23-11-2019,0.000801441333481,0.00083247478796,0.000783707629197,0.0008258789001,11719744.8155904,133210006.25201
22-11-2019,0.000839051740132,0.000868202967718,0.000767791440945,0.000798207581153,14178871.0754303,128746765.249625
21-11-2019,0.000903602212083,0.000910435102631,0.000819448262139,0.000839051740132,11717643.6682037,135334717.396473
20-11-2019,0.000884827667503,0.000920975943628,0.000880086255231,0.00090177580446,11556034.5506177,145451785.407622
19-11-2019,0.000899899007737,0.00091017812083,0.000859631005792,0.000884388094639,11578477.3283268,142647237.508792
18-11-2019,0.00097742603657,0.000980349313158,0.00086164775353,0.000899899007737,15391536.3728971,145149067.777744
17-11-2019,0.000980369035748,0.000998035367622,0.000972437455825,0.000977022398683,9800384.90246886,157588672.89279
16-11-2019,0.000991678404713,0.000996156787539,0.00097173958794,0.000980369035748,10907537.3326219,158128468.187594
15-11-2019,0.000972303228436,0.00101419387968,0.0009601447193,0.000991168511987,13196223.8961193,159911006.403165
14-11-2019,0.00100866892268,0.00101200841405,0.000971242827569,0.000972596726552,12989023.7588606,156914711.763356
13-11-2019,0.00100571145369,0.00104758639001,0.000995602191605,0.00100941242745,13509228.5747112,162854541.008809
12-11-2019,0.000957726621636,0.00103354583498,0.000935383558175,0.00100183206825,18924989.7426888,161631556.345031
11-11-2019,0.000974668439657,0.00100838584977,0.000942440265507,0.000957353428284,12972180.7901138,154455551.473903
10-11-2019,0.000948497820902,0.000978476573478,0.000940038786227,0.000975244882754,12198066.2820449,157342086.775486
09-11-2019,0.000970616446227,0.000972230378359,0.00093746519378,0.00094798026157,10940065.4744942,152942374.476545
08-11-2019,0.000980033971995,0.000989989449003,0.000920874642699,0.000970784273727,14078307.7505251,156621459.272158
07-11-2019,0.000944729728826,0.0010223349772,0.000944729728826,0.00098064813113,17338058.2106411,158212328.899644
06-11-2019,0.00094719344199,0.000967523205376,0.000939756109178,0.000951247619745,13560311.8979683,153466635.386008
05-11-2019,0.000917196841638,0.000966859697168,0.000907132329638,0.000953919250868,17985198.6999023,153897654.850267
04-11-2019,0.00090276207697,0.000953686046002,0.00090276207697,0.000917196841638,14638811.8580752,147973156.88484
03-11-2019,0.00090888130351,0.000914972610126,0.000893152672411,0.00090391337392,9109571.50647409,145830109.107767
02-11-2019,0.000911730570653,0.000936024411434,0.00090202023232,0.00091017411107,9455059.03365027,146840166.053512
01-11-2019,0.000915679335772,0.000951428653736,0.000896311002585,0.000911730570653,13874248.5971626,147091272.71634
31-10-2019,0.000913664349294,0.000942228325412,0.000884762856352,0.000915827481607,12315787.6086372,147793789.268737
30-10-2019,0.000971026768081,0.000974240845387,0.000897654347649,0.00091813992297,13721097.0212781,148166964.870434
29-10-2019,0.000904424301436,0.000980939250183,0.000904424301436,0.000971204646804,16488983.235489,156730408.061901
28-10-2019,0.000924639680855,0.000998624319617,0.000903581004034,0.000903581004034,17342625.027547,145817485.475655
27-10-2019,0.000946664674876,0.000965670339619,0.000894233896147,0.000926057542974,18084123.4405547,149444689.208131
26-10-2019,0.000965240992157,0.00102014041832,0.000871898923692,0.000946664674876,20371602.3959685,152770213.033222
25-10-2019,0.000921454937349,0.000979497368875,0.000894537763059,0.000970599239622,15586105.1815265,156632709.070251
24-10-2019,0.000870472688221,0.000937727977657,0.000864772966962,0.000921454937349,13445310.8371788,148701933.023708
23-10-2019,0.000884468056917,0.00091557078406,0.000837638719901,0.000870125754494,12589201.876391,140418566.793097
22-10-2019,0.00093326199438,0.000955974179291,0.000885230492198,0.000885230492198,13187560.5791753,142856128.960666
21-10-2019,0.000919416386018,0.000973344900389,0.00089764828603,0.000930007262323,14044970.8483195,150082084.351715
20-10-2019,0.000952799891896,0.00102306774288,0.000904742452651,0.000919416386018,20900003.981279,148372957.062756
19-10-2019,0.000864631327154,0.000979359618418,0.000859136488588,0.000942746642755,18757663.7268985,152137931.489734
18-10-2019,0.000867424516921,0.000873233892987,0.00081598888179,0.000863535614117,13448923.9950498,139355067.56678
17-10-2019,0.000772213746944,0.000873224970055,0.000766633899746,0.000867424516921,14242280.4883122,139982648.299007
16-10-2019,0.000801940979835,0.000811831171501,0.000755254093791,0.000769492476582,10369726.4058561,124178637.583886
15-10-2019,0.00081601054357,0.000819029369112,0.000787571572252,0.000803080376983,11082179.6314798,129640515.472513
14-10-2019,0.00080271275439,0.000821375201045,0.000791894709448,0.000817603003101,6840906.10708504,131984889.447911
13-10-2019,0.000799412425958,0.000821101274401,0.000797648081543,0.00080271275439,7113122.62209652,129328962.634571
12-10-2019,0.000803526873193,0.000828078967084,0.000792744828887,0.000799965815017,7661360.78050126,128886389.849241
11-10-2019,0.000820261914936,0.000840818860337,0.000793175457452,0.000803526873193,7940409.31139804,129460129.281267
10-10-2019,0.000817789126138,0.000899636740049,0.00079735871117,0.000819416737653,15437864.5938405,132020222.759011
09-10-2019,0.00071140147669,0.000844100482184,0.000701190133253,0.000817313827702,19567305.6122319,131681412.691537
08-10-2019,0.000722401889959,0.00072872260069,0.000699173140632,0.00071140147669,8734847.53371892,114617357.820527
07-10-2019,0.00069603762077,0.000733457881559,0.000675810231858,0.000720732552462,8358339.387655,116120732.89867
06-10-2019,0.000714403974916,0.000720228940429,0.000684231807656,0.000698567337873,6629476.73399368,112549587.188464
05-10-2019,0.000724244206419,0.000726132360512,0.000703294621234,0.00071536362012,5940921.87238206,115255718.051892
04-10-2019,0.000724170056413,0.000728724440264,0.000701286678877,0.000724244206419,6261363.74368127,116686512.576278
03-10-2019,0.000741797491941,0.000744428099419,0.000704615899652,0.000721438058482,6273844.41285648,116234400.410741
02-10-2019,0.000715824652045,0.000745481303765,0.000707005781799,0.000742334112984,6707409.64894361,119601065.556049
01-10-2019,0.000683603925579,0.000783416942648,0.000676791050106,0.000715824652045,12986924.1697007,115329997.151452
30-09-2019,0.000648655245793,0.000690726900981,0.000611224873139,0.000681796671843,8384257.94678333,109847583.478558
29-09-2019,0.000675459125487,0.0006785693946,0.000623547814898,0.000646573045773,5976501.85091326,86132953.5999711
28-09-2019,0.000671568251914,0.000688684680733,0.000659182685264,0.000675019084891,5472781.27564165,89922380.6159465
27-09-2019,0.00066027169803,0.000675632556143,0.000645663891135,0.000671736014728,9565136.93337726,89485027.8189751
26-09-2019,0.000687028211889,0.000709627994674,0.000625229617432,0.000671715902739,7129072.44733321,89482348.6089049
25-09-2019,0.000710674074769,0.000710999916448,0.000639170891652,0.000687028211889,8237624.85974668,91522171.3669795
24-09-2019,0.000804812995154,0.000815377372757,0.000638120544464,0.00070267878129,9041459.91975522,93607055.3206832
23-09-2019,0.000831100696252,0.000838595907781,0.000795166677365,0.000807093094455,7691248.63739234,107516563.689164
22-09-2019,0.000862926179731,0.000864069021108,0.000824183153142,0.00082943017312,6143785.77706849,110492188.133748
21-09-2019,0.00089055151238,0.000892320846498,0.000846327768972,0.000859559098022,7282812.77595307,114505800.064475
20-09-2019,0.000873328398596,0.000902463950529,0.000855182924013,0.000890325095417,7950614.22028636,118604279.336701
19-09-2019,0.000894409784148,0.000900608860784,0.000833624715813,0.00087451986545,6489139.99193776,116498792.341404
18-09-2019,0.000853936831566,0.000938999111433,0.000847146288106,0.000895324253546,11358367.6946507,119270240.062993
17-09-2019,0.00080958277114,0.000866061615355,0.000803139669149,0.000855213146652,7173859.87672887,113926855.999072
16-09-2019,0.000805063554559,0.000815036011358,0.00079870464218,0.000808639587696,5242706.41494689,107722579.129246
15-09-2019,0.00080530179726,0.000818589667775,0.000802479315464,0.000803288624091,4864611.42466021,107009752.78593
14-09-2019,0.000800917373395,0.000821165105446,0.000797572168082,0.00080530179726,4809811.49936078,107277936.794354
13-09-2019,0.000816613614171,0.000828988620223,0.000795581934566,0.000803551657011,4924072.12682267,107044792.60462
12-09-2019,0.000831561478424,0.00083755904122,0.000806633015985,0.000817529215739,6346516.96892953,108906807.152289
11-09-2019,0.000855175705939,0.000864301398516,0.000822967905044,0.000830392314337,6009412.35948429,110620359.367211
10-09-2019,0.000855578045095,0.000881450063735,0.000835656182754,0.000855175705939,6744468.03342912,113921868.350396
09-09-2019,0.000815848281645,0.000856461090562,0.000792032702742,0.000854341813132,7534569.96074587,113810781.674386
08-09-2019,0.000803164612534,0.0008246045167,0.000801968133188,0.000815848281645,5655106.7441249,108682882.231091
07-09-2019,0.000792532735865,0.000811550908821,0.00078319842534,0.000803543984044,6251205.52371909,107043770.453581
06-09-2019,0.000818735091929,0.000836009287457,0.000780908712157,0.000792516846358,6768567.99853146,105574794.991554
05-09-2019,0.000815804126312,0.00082121811218,0.000804929050563,0.000818735091929,8725387.85664979,109067447.43663
04-09-2019,0.00081451324056,0.000825374187457,0.000799788780566,0.00081742496345,7718625.65143903,108892919.227901
03-09-2019,0.000800618951439,0.000825385743401,0.000789936179688,0.000816010659458,10848154.5045188,108704513.322465
02-09-2019,0.000800921464674,0.000809121451257,0.000775563780317,0.000799968320727,8076218.28511604,106567439.983906
01-09-2019,0.000807810223236,0.000817065229512,0.000776471672219,0.000799741969941,5601649.60406855,106537286.760113
31-08-2019,0.000817815717128,0.000832197975851,0.000787887029067,0.000808318435265,7228795.1881826,107679796.94459
30-08-2019,0.000803543223107,0.000837585753196,0.000781783272176,0.000818231923004,7629173.50949238,109000418.002055
29-08-2019,0.000835185922901,0.000835185922901,0.000767789606448,0.000803543223107,8164955.27146376,107043669.085682
28-08-2019,0.000856293494579,0.000963539930934,0.000818944595725,0.000834836057445,13146397.1671514,111212330.717446
27-08-2019,0.000880109926072,0.000882402057877,0.000841422837017,0.000860405998602,8222100.04012237,114618619.565439
26-08-2019,0.000848992939221,0.000882970036522,0.000799714799705,0.000882890983077,9041443.46103732,117613947.219666
25-08-2019,0.000868130642781,0.000959348324417,0.00081026966379,0.000849839921543,8299787.42296368,113211064.098959
24-08-2019,0.000878731730559,0.000885604257659,0.000794641005303,0.000868130642781,9599531.17218533,115647654.757976
23-08-2019,0.000819412902138,0.000887167438021,0.000800736942671,0.000876436952577,7669020.70950439,116754176.288564
22-08-2019,0.000775717472968,0.000838638444852,0.000754627264599,0.000819412902138,7202989.03613309,109157741.635659
21-08-2019,0.000827463362645,0.000827924246716,0.000765751247122,0.000775027799774,6233906.03190657,103244999.080983
20-08-2019,0.000855742069357,0.000856311204871,0.000808930044604,0.000827463362645,4832103.03442056,110230180.311909
19-08-2019,0.00082259893117,0.000878668667919,0.000811392744734,0.000855742069357,6397649.60519333,113997316.212509
18-08-2019,0.000823017677197,0.000862162116229,0.000786444990062,0.000820499693896,5626991.97080192,109302518.137984
17-08-2019,0.000838525830654,0.000856593655525,0.00079955065124,0.000820619605224,5147677.15592769,109318492.0746
16-08-2019,0.000879425466102,0.000885326569239,0.000816186421202,0.000834502843845,6195497.02173356,111167941.809285
15-08-2019,0.000867071170865,0.000887210864892,0.000831902958879,0.00088008262202,4832726.96665878,117239832.594573
14-08-2019,0.000962221166992,0.00096633520647,0.000851176374025,0.000866692020169,6900452.89463101,115456009.257909
13-08-2019,0.000974621746215,0.00100895827493,0.000938983370551,0.000964323350577,5705156.69131009,128461925.460126
12-08-2019,0.000986742249806,0.00100252304616,0.000940454398946,0.000978459386807,5424767.79720017,130345051.520895
11-08-2019,0.000976526487188,0.00100228914722,0.000948867316671,0.000979965627892,5608679.29198762,130545704.787116
10-08-2019,0.0010015281783,0.00101097965354,0.000929846673369,0.000975035379512,7641511.13786295,129888923.84376
09-08-2019,0.000924337142146,0.00105629730221,0.000877589967936,0.0010015281783,13723565.2688885,133418150.778997
08-08-2019,0.000991837666578,0.000991847847018,0.000891239294145,0.000926235139033,6595220.73059134,123388020.54084
07-08-2019,0.00096330264862,0.000998962757265,0.000947699288554,0.000991837666578,5488648.31326098,132127233.376907
06-08-2019,0.00101861275148,0.00104622948455,0.000944811343126,0.000963590801075,6511244.82705864,128364339.189436
05-08-2019,0.00105057981049,0.00106197049718,0.000983258101245,0.00101821645877,8556265.87624108,135641272.971892
04-08-2019,0.00110555622514,0.00115364890182,0.00102788620073,0.00105174472669,4036192.67019108,140107726.938572
03-08-2019,0.00108629444425,0.00113028591335,0.00107455624903,0.0011051588674,3377112.2501604,147223269.000577
02-08-2019,0.00110250845555,0.00112983315383,0.00107731496588,0.00108571461016,5290656.15795171,144633010.533127
01-08-2019,0.00117168547533,0.00117646005609,0.00109856348296,0.00110176471082,5082760.5365994,146771117.873759
31-07-2019,0.00112587614128,0.00117988398809,0.00111473650871,0.00117292093704,5124138.42989607,156250164.319361
30-07-2019,0.00111174784052,0.00113330727453,0.00109024601331,0.00112063962577,3907033.43549798,149285531.649929
29-07-2019,0.0011083551582,0.00112409941859,0.00108315748993,0.00111742062816,3327047.80947027,148856714.250885
28-07-2019,0.00111645727515,0.00112729737479,0.00106823488534,0.00110844417926,2652796.36979389,147660920.424262
27-07-2019,0.00119192880597,0.00122375228643,0.00109607562066,0.00111469154352,4655162.94634669,148493160.400003
26-07-2019,0.00122258437691,0.00122824510068,0.0011495225103,0.00119192880597,5939067.77295771,158782289.503492
25-07-2019,0.00123220058731,0.00126672935232,0.00121307478721,0.00122251063623,3314756.38927391,162856235.029071
24-07-2019,0.00121248530976,0.00124730090303,0.00118120897798,0.00123189996076,4624824.24165773,164107029.907336
23-07-2019,0.00123279795205,0.00133948045283,0.0011952742769,0.00121248530976,8660383.42586335,161520715.422569
22-07-2019,0.0013022382881,0.00131269462288,0.00120084910228,0.00123322134784,5795593.02298427,164283057.925815
21-07-2019,0.00130851562932,0.00133639400769,0.0012678390359,0.00130163263051,3880613.5328206,173396437.882576
20-07-2019,0.00130765037103,0.0013720874923,0.00125425749694,0.00130851562932,7087469.42636611,174313353.64485
19-07-2019,0.00127289479176,0.00130911651408,0.00119115689466,0.00130911651408,7311994.40907775,174393400.252871
18-07-2019,0.00120223976788,0.00129053473885,0.00117491119164,0.00127289479176,10413575.3026191,169568138.902593
17-07-2019,0.00116708124576,0.00124798352668,0.00111568080308,0.00120057038351,8457294.80404643,159933473.584161
16-07-2019,0.00135355882646,0.00137669444434,0.00113514059039,0.00116878646738,12718216.6054575,155699392.700109
15-07-2019,0.00133845772491,0.0013737552906,0.00123951790433,0.00134730835276,10630806.3400122,179481109.817054
14-07-2019,0.00144572522515,0.00144572522515,0.00132866676927,0.00133908257495,11413194.5350686,178385316.320767
13-07-2019,0.00152873289438,0.00155626432199,0.00139206433468,0.00144256002717,10639927.8246032,192170021.156479
12-07-2019,0.00148035229187,0.00155413990102,0.00143991464168,0.00152853233137,14420858.9656937,203622785.135665
11-07-2019,0.00161600665549,0.0017159378368,0.00144014893943,0.00148922702469,14531319.5961333,198386745.404912
10-07-2019,0.00165319083212,0.00168363734769,0.00154942957509,0.00161616521628,17572518.6728222,215296762.668645
09-07-2019,0.00172630857846,0.00176902284203,0.00162809122987,0.00165269699078,13386132.4982161,220163327.488357
08-07-2019,0.00175752837735,0.00180559653381,0.00171640759041,0.00172519346106,13057351.2135229,229820913.977017
07-07-2019,0.00168313661257,0.00177880281892,0.00166010292071,0.0017585817782,13532780.1607811,234268724.459996
06-07-2019,0.00171200767471,0.00176019260181,0.00165851608011,0.00168215513435,11627072.3368897,224087581.568919
05-07-2019,0.00168719262549,0.00176526112969,0.00164298747732,0.00171187021855,19685321.6543061,228046063.886347
04-07-2019,0.00185710738329,0.00188463713352,0.00165349120374,0.00168740078727,23973938.3955988,224786378.994073
03-07-2019,0.00183220030362,0.00187929810588,0.001781065483,0.0018558281494,24793269.0123777,247223358.484867
02-07-2019,0.0018696620385,0.00190967598692,0.00170763026483,0.00183087656579,25900633.2624189,243899443.874791
01-07-2019,0.00192472736453,0.00206860765137,0.00171229730094,0.00186717413451,47308582.6233521,248734809.071022
30-06-2019,0.00176213553051,0.00206213829378,0.00160258061336,0.00192472736453,43010716.4217325,256401738.156991
29-06-2019,0.00173217231527,0.00175461264844,0.00163251553874,0.0017419432429,21952330.4609142,232052229.048788
28-06-2019,0.00166654383741,0.00173798985795,0.00159315937143,0.00173165189266,19322768.3295609,230681271.198785
27-06-2019,0.00177576590112,0.00179566717098,0.00158553084328,0.00166513181249,25623875.1567252,221819826.979596
26-06-2019,0.00182825864442,0.00196644339408,0.00169853107134,0.00177576590112,35966812.7941504,236557900.094212
25-06-2019,0.00184092925393,0.0018799912991,0.00177337883428,0.00182825864442,19454401.798199,243550698.591695
24-06-2019,0.0018217475406,0.00185826318238,0.00177295797726,0.00184043129357,17854437.0530264,245172272.876735
23-06-2019,0.00182327342925,0.00188997729637,0.00178903150018,0.0018217475406,15755201.4816429,242683324.662517
22-06-2019,0.00169078538798,0.00189534465775,0.00167404600961,0.00183829856882,22817830.2380828,244888162.855239
21-06-2019,0.00166756324633,0.00175970026084,0.00163832103993,0.00168933504733,18015712.5133793,225044050.626207
20-06-2019,0.00175263979005,0.00176524454196,0.00165436669773,0.00166819277539,16676855.714019,222227591.851887
19-06-2019,0.00173391256997,0.00177846537251,0.00169939408825,0.00175381371961,13198906.3418104,233633549.56061
18-06-2019,0.00177347179762,0.00178485834352,0.00169408905114,0.00173949362882,20430786.5370872,231725904.749825
17-06-2019,0.00177105323973,0.00186340157252,0.00173084655573,0.00177388736867,24847523.4516771,236307652.191969
16-06-2019,0.00179660613522,0.00181170651575,0.00168461613098,0.00177276219004,33115113.3281898,236157761.998799
15-06-2019,0.00181328003386,0.00185555961464,0.00176531500524,0.00179660613522,27643820.7468299,239334123.025995
14-06-2019,0.00187931728256,0.00190275415292,0.00174507523813,0.00181426274144,32544838.5102682,241686240.322289
13-06-2019,0.00189092817215,0.00195288141525,0.00186621222927,0.00187915184433,28175829.545872,250330414.596035
12-06-2019,0.00181525578951,0.00189161058072,0.0017912710541,0.00189161058072,26291049.4013337,251990099.871209
11-06-2019,0.00191840122909,0.0019215224033,0.00177867504398,0.00181478203176,22910011.8616319,241755417.361651
10-06-2019,0.00181281190334,0.0019559388702,0.00176595964422,0.00191791372673,28730158.5354687,255494062.292198
09-06-2019,0.00194161271978,0.00195058309676,0.00174481400396,0.0018082981038,28658181.705958,240891663.653117
08-06-2019,0.00194383713619,0.0020465980301,0.00187474544129,0.00194814853592,25912254.1141958,259521779.553366
07-06-2019,0.00190389977131,0.00200476038013,0.00188623072073,0.00194462895043,25883972.7471287,259052919.467591
06-06-2019,0.00195629885731,0.00195629885731,0.00179423416984,0.00190832760757,26654519.732834,254217051.500903
05-06-2019,0.00185864137198,0.00195356792397,0.00180447804757,0.00193855753486,30626071.4083301,258244118.421838
04-06-2019,0.00206508807453,0.00206508807453,0.0017647280193,0.00185864137198,28549079.0672701,247598120.735681
03-06-2019,0.00230721644034,0.00230721644034,0.00205860197208,0.00206553078572,30016287.94812,275158806.091329
02-06-2019,0.0022985401206,0.00237214754486,0.00226880615756,0.00230721644034,28506261.8530324,307354857.892832
01-06-2019,0.00231123690316,0.00235164712786,0.00225487555359,0.0022985401206,31809849.6190893,306199045.64475
31-05-2019,0.00217589573227,0.00234426534686,0.00210201850402,0.00232619741614,38557192.0615099,309883400.520075
30-05-2019,0.00243168977186,0.0024807300216,0.00207915196671,0.00217589573227,46045729.0770539,289861025.558102
29-05-2019,0.00239157173912,0.00253774755807,0.0023310752905,0.00243168977186,54371914.1965589,323936519.86952
28-05-2019,0.00214031021933,0.00242934684148,0.00210100042872,0.00237232040228,54633222.5738448,316027654.523641
27-05-2019,0.0020456792722,0.0021912262806,0.00204496842282,0.0021417804358,37565980.1013027,285316370.83253
26-05-2019,0.00192851675606,0.00205186004034,0.0018908711735,0.00204221095409,32600532.8516202,272052264.628029
25-05-2019,0.00196319349503,0.00205804820944,0.00189226163702,0.00192851675606,26058899.6793959,256906540.33976
24-05-2019,0.00202651330405,0.00210555452339,0.00192416890951,0.00196319349503,32476353.5409762,261525987.389444
23-05-2019,0.00177399322328,0.0021898279188,0.00171227820828,0.00202593378807,43498513.4958655,269883908.871931
22-05-2019,0.00189797113653,0.00196648186896,0.00173379892749,0.00177482064583,28505684.8632425,236431978.312341
21-05-2019,0.00171396262507,0.00224561613624,0.00171396262507,0.00189976844477,71829375.7099617,253076846.26481
20-05-2019,0.00155541490562,0.00173010804093,0.00151429836016,0.00173010804093,30898897.7968376,230475607.646469
19-05-2019,0.0015157632341,0.00163016357351,0.00150132619506,0.00155541490562,19373346.0117185,207203935.843478
18-05-2019,0.00153262431083,0.00165521865566,0.00150428037496,0.0015174233085,25405868.5815165,202142901.373639
17-05-2019,0.00145943080021,0.00155216245298,0.00131532658213,0.00153262431083,25524407.6106803,204167896.440976
16-05-2019,0.00150910258092,0.00154675874338,0.00137438438574,0.00145819006104,20488299.6809548,194252169.478145
15-05-2019,0.00130658579366,0.00152890461202,0.00127142271353,0.00150936764305,21817862.0455962,201069769.323119
14-05-2019,0.00125663886468,0.00146001775329,0.00123627532801,0.00130702143711,13982592.7471785,174114305.464393
13-05-2019,0.0012114650813,0.00131278271376,0.00118435218738,0.0012551163179,13479314.3695227,167199787.060412
12-05-2019,0.00134095314992,0.00136754674196,0.00118539482685,0.0012114650813,9930830.65409009,161384806.121709
11-05-2019,0.001177797161,0.00142396408458,0.00113178873507,0.00134117462443,14211679.1545077,178664007.80345
10-05-2019,0.00108638637841,0.00121363660956,0.00106245831664,0.0011617919688,11391702.3523331,154767623.543345
09-05-2019,0.00125932596088,0.00128941830303,0.000970767175823,0.00108651129727,10995805.0700686,144739140.868017
08-05-2019,0.00124930239984,0.00127961182793,0.00122563631278,0.00125967223886,9989499.33743958,167806702.135542
07-05-2019,0.00128743128327,0.0013351984857,0.00124952412513,0.00124960710933,10178334.4465193,166465880.181313
06-05-2019,0.00124474315268,0.00132150046989,0.00121528147308,0.00128734043918,9494998.22920063,171492509.686502
05-05-2019,0.00113252573555,0.00130897861258,0.00108011135907,0.0012460041174,9132194.27835444,165985909.142068
04-05-2019,0.00132321281668,0.00133956443029,0.00105777036982,0.00113786557668,9660930.21831534,151580279.382063
03-05-2019,0.00128876482025,0.00134407098711,0.0012805571842,0.00132321281668,12315094.2674815,176271233.215
02-05-2019,0.0012761666303,0.00130086778999,0.00127309606818,0.00128922894013,10063855.1596355,171744085.538238
01-05-2019,0.00129603323376,0.0013030345425,0.00126725560156,0.00127629462767,7649650.95654991,170021046.598944
30-04-2019,0.00123272227172,0.0013059153359,0.00123167467278,0.00129502515394,7909714.58119151,172516225.698451
29-04-2019,0.00126251505175,0.0012679807335,0.00122115731512,0.00123584289251,7296427.07644545,164632285.885282
28-04-2019,0.00127184099622,0.00129098672987,0.00125523188107,0.00126183113439,7865819.78767232,168094298.486377
27-04-2019,0.00126121259475,0.00128909291089,0.00125059958433,0.0012719035767,9376134.01412808,169436094.609487
26-04-2019,0.0012422776387,0.00127661957076,0.0012210652146,0.00126107680551,9573507.83746194,167993810.8851
25-04-2019,0.00129044313348,0.00133607268391,0.00122709463619,0.00124134126296,9082409.08366098,165364748.968829
24-04-2019,0.00135837567426,0.00137165951634,0.00126575275218,0.00129012231015,10098778.8858689,171863095.44591
23-04-2019,0.00139215518674,0.00142432982869,0.00135837567426,0.00135837567426,8627338.31102828,180955438.348791
22-04-2019,0.00138901633689,0.00141037950021,0.00136660636914,0.00139245512947,10897719.851297,185495318.496139
21-04-2019,0.00144762603295,0.00146539787978,0.00136577382196,0.00138896536546,12350993.9254298,185030431.066152
20-04-2019,0.00140983286352,0.00144987740668,0.00140957186541,0.00144749502679,12474581.2730387,192827435.034253
19-04-2019,0.00144407134806,0.00144420869565,0.00138082374368,0.00140865346769,10728930.7142844,187653173.24035
18-04-2019,0.00147899105225,0.0015066672498,0.0014061084114,0.00144299525275,16079985.5653158,192227999.547216
17-04-2019,0.00130835385054,0.00150165126442,0.00129058310419,0.00146329086004,24925877.376215,194931670.249886
16-04-2019,0.00122942654466,0.00131758431331,0.00122382212324,0.00130786818301,10125472.0269074,174227104.359727
15-04-2019,0.00123380539425,0.00129867369556,0.00122121155732,0.00124003035369,12411634.5817948,165190116.747358
14-04-2019,0.00121896994819,0.0012393462253,0.00119403900514,0.00123380539425,10368732.3423686,164360861.420195
13-04-2019,0.00121751744619,0.00123585812131,0.00120624282228,0.00121896994819,9256515.86248178,162384563.776062
12-04-2019,0.00122686704559,0.00123386346349,0.00119320944331,0.001210916678,9937336.26047008,161311750.809085
11-04-2019,0.00129369596366,0.00129950257304,0.00118403460452,0.00123193331567,10511359.1061071,164111473.267502
10-04-2019,0.00129412323158,0.00132117109746,0.00127277004304,0.00129290370546,8710315.12437393,172233617.840472
09-04-2019,0.00131295022745,0.00131880249705,0.00127049985164,0.00129393398432,8589672.02631404,172370866.001099
08-04-2019,0.00132047473986,0.00135728579992,0.00127378223604,0.00131295022745,10162774.4186751,174904106.750725
07-04-2019,0.00131400948099,0.0013394965736,0.0012824376579,0.00131980705861,7859376.30146103,175817536.600621
06-04-2019,0.00131998599149,0.00135995332364,0.00128653242754,0.00131359693689,12903226.0637734,174990257.874024
05-04-2019,0.0012243417641,0.00132028518575,0.0012191069656,0.00131922360924,12197814.7197953,175739812.640672
04-04-2019,0.00123241024776,0.00130477915454,0.00120280811008,0.00122321753259,8747457.69252475,162950403.927347
03-04-2019,0.00125547409921,0.00135174254398,0.00122002471902,0.0012482406758,12099493.10109,166283851.319135
02-04-2019,0.00115902687068,0.00128154752009,0.00114087974018,0.00126896806501,12627155.4152195,169045041.666839
01-04-2019,0.00118694798541,0.00120092669351,0.0011375453516,0.00115187082194,6419761.44390223,153445982.17933
31-03-2019,0.00115939066898,0.0012030694157,0.00113805256709,0.00119692549374,5931378.17291856,159447921.14196
30-03-2019,0.00115374112014,0.00120265256812,0.00113773207021,0.00115939066898,5425121.63978583,154447735.408001
29-03-2019,0.00114510960008,0.00116583802134,0.00112629751606,0.00115486466029,5160932.36070209,153844805.083211
28-03-2019,0.00113106825489,0.00118846615083,0.00112254379688,0.00114510960008,8553753.75270285,152545288.881714
27-03-2019,0.00110334981891,0.00113423489823,0.00109539812714,0.00113205162662,5119614.55759813,150805776.494842
26-03-2019,0.00110666142291,0.00112075057019,0.00108075979224,0.00110369986946,6006213.35695776,147028909.209847
25-03-2019,0.00116768141883,0.00117808522249,0.00109979388853,0.00110812801514,6341526.64008185,147618802.755337
24-03-2019,0.00117146126321,0.00120004333266,0.00114418566329,0.00116674055322,8096953.71935164,155426847.114479
23-03-2019,0.00118484922621,0.00119794177489,0.00116573143496,0.00116946082349,5706555.55283082,155789226.762806
22-03-2019,0.00117429788561,0.00119912920502,0.00116572687646,0.00118610980263,6770712.57730593,158007113.445722
21-03-2019,0.00121050975481,0.00122470745507,0.00115637016069,0.00117500044095,7375695.37930491,156527184.549267
20-03-2019,0.0011737227326,0.0012223187148,0.0011647893382,0.00120907220643,8980199.27422378,161066040.3125
19-03-2019,0.00116882489082,0.00119033821879,0.0011514516592,0.00117279815119,7084845.47662763,156233807.454518
18-03-2019,0.00118071173711,0.00120223352314,0.00115466682994,0.00116933191566,8480459.6054779,155772054.360999
17-03-2019,0.00125715814337,0.00127107338017,0.0011704073448,0.00118736682131,8465884.04644713,158174566.655142
16-03-2019,0.00114636433229,0.00135605185163,0.00113985110625,0.00127610133512,21412076.5847162,169995297.214015
15-03-2019,0.00105393692164,0.00112354002117,0.00105393692164,0.00112354002117,5732476.08731753,149671906.590925
14-03-2019,0.00105919277834,0.00107265544366,0.00104075570442,0.00106228127328,4479935.33726456,141511348.51617
13-03-2019,0.00105811989356,0.00107760593548,0.00104894910573,0.00105019826493,4910017.62912156,139901715.692218
12-03-2019,0.00106608975525,0.00107761165981,0.00103753303066,0.00105772387026,5999820.34980135,140904236.009046
11-03-2019,0.00109906563356,0.001114623227,0.0010455311169,0.00106564302146,6771633.08389978,141959182.37175
10-03-2019,0.00109475382362,0.00111035615472,0.00106949071395,0.00109754562225,5771621.84195312,146209073.782361
09-03-2019,0.00106945325306,0.0011289678283,0.00106423911949,0.00108165632963,8712693.39254101,144092388.416459
08-03-2019,0.00102481504995,0.00115384786468,0.00102236127416,0.00108246583984,13908759.3161366,144200226.975168
07-03-2019,0.0010374402189,0.00106789474995,0.0010018460299,0.00103105190031,7409476.02986816,137351140.863583
06-03-2019,0.0011040232991,0.00110755143784,0.00102448469029,0.00103741286697,7795744.38267371,138198514.334776
05-03-2019,0.00103920133128,0.0011083869978,0.00100986552952,0.00109480775557,11348139.4931438,145844350.035751
04-03-2019,0.00109505416865,0.00112138416525,0.00102127190421,0.00102982734065,8461766.82033007,137188011.668723
03-03-2019,0.00114053547603,0.00115632307789,0.00108994363389,0.00109651174434,9218531.12395925,146071346.175818
02-03-2019,0.00107665906928,0.00119460461489,0.00104363970752,0.00113987560214,15694151.9056608,151848044.06977
01-03-2019,0.00110645869096,0.00114353759257,0.00104341715429,0.00105037554158,8575695.87591991,139925331.525833
28-02-2019,0.00110533983129,0.00113514468992,0.00108886770272,0.00110618707873,9736123.19412189,147360241.736074
27-02-2019,0.00116777932218,0.00118743039051,0.00105965556703,0.00110487586573,12291232.3549265,147185569.05334
26-02-2019,0.0012090685629,0.00121622354964,0.00114917082578,0.00117737370385,10974925.4896917,156843337.758224
25-02-2019,0.00118362095897,0.0012410231571,0.00116433939726,0.00120889964142,12566741.0199548,161043052.138006
24-02-2019,0.00139651201723,0.00144295097985,0.00119267390705,0.00119267390705,13808636.1029452,158881547.827312
23-02-2019,0.00138477426496,0.00141618791113,0.00132629965753,0.00138949485556,13090575.0974781,185100966.864873
22-02-2019,0.00136226146894,0.00139928169098,0.00135055831795,0.00138288646367,10474334.3830926,184220632.746782
21-02-2019,0.00147039851789,0.00147039851789,0.00134723101871,0.00136595439061,14307129.7322023,181965033.827584
20-02-2019,0.00144104543791,0.0014928470154,0.00143183331423,0.00147270786441,10803932.4598514,196186152.486278
19-02-2019,0.00147771403784,0.0015558614668,0.00143979154418,0.00145702320261,16306893.7081761,194096726.928126
18-02-2019,0.00125314005524,0.001520949018,0.00125314005524,0.00147564384855,31141790.6138228,196577268.366153
17-02-2019,0.00132651724435,0.00134441981691,0.00121809880939,0.00125526889006,10234240.4586613,167220111.895887
16-02-2019,0.00128145496829,0.00136356787737,0.00126537336269,0.00132353267938,10968515.2844551,176313843.588689
15-02-2019,0.00116537304302,0.00131304651834,0.00114962941248,0.00129852990862,12788948.2056308,172983110.104173
14-02-2019,0.00119442959122,0.00122224955158,0.00114580528492,0.00115205279353,5607011.35460884,153470223.447382
13-02-2019,0.00119682134595,0.00124768985519,0.00113574620631,0.00121197893573,8935412.0292512,161453259.021293
12-02-2019,0.00124137000236,0.00126067354144,0.00117626372774,0.00118666514767,9449995.41585874,158081093.499291
11-02-2019,0.00117015802056,0.00125316481385,0.00112860528405,0.00124102570545,9586197.33630958,165322712.109197
10-02-2019,0.0011617557242,0.00117835264673,0.00108299758733,0.00116706345892,8926100.64192056,155469862.86012
09-02-2019,0.00115061297649,0.0012039808707,0.00110861541768,0.00114889238234,8538344.25205608,153049210.613388
08-02-2019,0.00108587797777,0.00115649802919,0.00103914204619,0.00113616757407,10088248.2554121,151354080.685758
07-02-2019,0.00110725856714,0.00115968009686,0.00105016934257,0.00106906798312,9073182.40841485,142415437.184213
06-02-2019,0.0012486831628,0.00126654000368,0.00108898780172,0.00110696569953,11814974.5879889,147463965.375153
05-02-2019,0.00120099853814,0.00138249488852,0.00115570694302,0.00124691446343,18442304.4882596,166107180.501699
04-02-2019,0.00114905059218,0.00126985377576,0.00114905059218,0.00120233419188,9460871.39401313,160168438.566827
03-02-2019,0.00121257020118,0.00122022956331,0.00112985801813,0.00115973386892,5700396.09082212,154493454.642202
02-02-2019,0.00129389567456,0.0013067332146,0.00111167824752,0.0012323060397,11406648.9600283,164161125.540808
01-02-2019,0.00117472338571,0.00130595073105,0.00109730716337,0.00127810782529,16817684.2716124,170262590.949566
31-01-2019,0.00114750138537,0.00117109418132,0.00100212994759,0.0011429727767,12190206.9477444,152260632.862964
30-01-2019,0.00120792094803,0.00128555137217,0.00113042876849,0.00117030815426,15377237.6800967,155902103.571348
29-01-2019,0.00137441793378,0.00140857870455,0.00116546665243,0.00120570394526,15056220.2075007,160617338.831724
28-01-2019,0.00150951836117,0.00162696242558,0.00124233028069,0.00137524315577,31262937.7971825,183202432.732097
27-01-2019,0.00127088867737,0.00157024982542,0.00117080676773,0.00153081340636,32654761.9995816,203926657.571357
26-01-2019,0.00101036402686,0.00135472251199,0.00095210582122,0.00129719019794,31238861.7271512,172804641.115105
25-01-2019,0.00107863005898,0.00110878984295,0.000979995307259,0.00101161254297,12428368.4843501,134761535.134229
24-01-2019,0.000793000325268,0.00111118338381,0.000774901077959,0.00110493226092,27568673.1399657,147193081.714616
23-01-2019,0.000710940675209,0.000797429955906,0.000683871730133,0.000797429955906,6991112.85848782,106229292.792686
22-01-2019,0.000706242596321,0.000744011929325,0.000681096350141,0.000710766713416,3651880.29473289,94684485.7627389
21-01-2019,0.000720084487686,0.000748808957252,0.00068754892155,0.000689654305515,3699273.88586083,91872005.313687
20-01-2019,0.000767959089565,0.000921073330587,0.000687055721505,0.00071916291183,19559173.5819672,95802981.7673853
19-01-2019,0.00059222359753,0.000774473733748,0.000580541619376,0.000744103142551,10931437.417836,99125384.007176
18-01-2019,0.000606232922577,0.000606645361861,0.00056685063426,0.000590007341075,2983709.60035799,78597577.2802273
17-01-2019,0.000601370027011,0.000610590540385,0.000581477942339,0.000590335657749,2881582.11128886,78641313.8464708
16-01-2019,0.000599368962192,0.000612071908827,0.000583626547008,0.00060944282133,2980395.66407442,81186666.52535
15-01-2019,0.000649117122079,0.000651635151771,0.00058792590279,0.000600447698961,3462515.25895428,79988385.1204874
14-01-2019,0.000561627008867,0.000649865148703,0.000545728324391,0.000649865148703,3880855.5794926,86571509.6931609
13-01-2019,0.00060399484272,0.000607532670822,0.000542605236282,0.000560466858737,3197379.61318546,74662354.4756673
12-01-2019,0.000609826124627,0.00061468360846,0.000576586522434,0.000591975291719,2677887.48574474,78859736.9891957
11-01-2019,0.000557225246791,0.000619749505901,0.000555739518671,0.000595013092447,4365128.36753999,79264416.3225849
10-01-2019,0.000652479273975,0.000682420237911,0.000550134097169,0.000576429517517,6471166.41636946,76788813.2834052
09-01-2019,0.000714621152844,0.000797790926905,0.000626684375521,0.000652103690129,12159119.0741628,86869716.0381946
08-01-2019,0.00058857504505,0.000724479764382,0.000537077946639,0.00071561357516,12536478.8377351,95330158.3908057
07-01-2019,0.000554416024593,0.000592784102157,0.000524733899925,0.000567370294154,4969948.76160705,75581992.6918599
06-01-2019,0.000471223573694,0.000555494366644,0.000445930509455,0.000553950932145,5552420.89330549,73794338.0829664
05-01-2019,0.000458557758067,0.000483941523511,0.0004432486764,0.000474052181502,1221420.70981633,63150659.9605639
04-01-2019,0.000475421566118,0.00056575873466,0.000433170103936,0.00045155020865,1451498.40962328,60153069.2069129
03-01-2019,0.00046772912278,0.000486328332208,0.000450179443724,0.000475249863443,1072282.20113963,63310208.6515063
02-01-2019,0.000479361234382,0.000507233298881,0.000458905084537,0.000469930560905,1267151.1321953,62601600.0237804
01-01-2019,0.000465397421226,0.000517717429538,0.000453169390513,0.000478594419368,1274197.13729993,63755752.2481406
31-12-2018,0.000494984320062,0.000504725494017,0.000437482376687,0.000459360200972,1235494.38246678,61193474.0160598
30-12-2018,0.000471411367846,0.000548798344608,0.000453236255112,0.000491288468181,1331446.23169531,65446784.5677739
29-12-2018,0.000511062914561,0.000526650719094,0.00045162713877,0.000466359253362,1650228.9451427,62125849.8066882
28-12-2018,0.000435883572307,0.000528947809643,0.000414922479786,0.000508779897216,2334031.51460679,67776897.8555428
27-12-2018,0.000515147298369,0.000521761937285,0.000425805864438,0.000435661446621,1333565.03575191,58036454.5234649
26-12-2018,0.000466886682512,0.000528539539121,0.000458582169242,0.000505888041778,1575850.55575924,67391660.561957
25-12-2018,0.000505029286418,0.000520767369647,0.00043524911101,0.000465468226768,2233483.86707944,62007152.0775158
24-12-2018,0.000520211285165,0.000592978671458,0.000487798922934,0.000507486500776,1704199.18453236,67604598.5982799
23-12-2018,0.000535636166135,0.000569182332863,0.000503447775306,0.000518718991183,1463929.06547732,69100930.0357922
22-12-2018,0.000497565171061,0.000537133063743,0.000479319683459,0.000537133063743,1037814.86403571,71553952.8887644
21-12-2018,0.000535158823012,0.000544757906508,0.000474258589723,0.000496020180252,1774948.525894,66077117.5810727
20-12-2018,0.000479134132287,0.000540636439744,0.000460241656421,0.000534739387213,1352489.99577229,71235080.2867596
19-12-2018,0.000494242835672,0.000530097985137,0.000458061990112,0.000480735124343,1896596.94983608,64040925.3519196
18-12-2018,0.000485867173337,0.000492198266179,0.000464348813224,0.000491970132016,1630638.51936859,65537592.1259527
17-12-2018,0.00042815427113,0.000491724627815,0.000421684364211,0.000486470692497,1723718.78803161,64804986.626833
16-12-2018,0.000421812191562,0.000439373511554,0.000420523498907,0.000426813005432,1010473.0804672,56857713.1896794
15-12-2018,0.000418332209852,0.000427361109692,0.000410250440465,0.000425135168344,828989.545727071,56634200.8348205
14-12-2018,0.000431894890584,0.000436528012483,0.000408900757665,0.000423521227555,882715.303479683,56419200.3982869
13-12-2018,0.000445633369828,0.000461563182249,0.000417682669283,0.000431047296459,917776.036695727,57421782.4699281
12-12-2018,0.000445719534172,0.00045972532168,0.000434307355214,0.000445150197849,996211.865601572,59300494.4870639
11-12-2018,0.000461023722407,0.000471606531436,0.000424333543425,0.000445670151569,1200236.02246374,59369759.9009745
10-12-2018,0.000480255674525,0.000488955843212,0.000453767512631,0.000460564992775,1117055.9428468,61353969.8442478
09-12-2018,0.000466961873458,0.00050211220848,0.000460540826848,0.000484049934495,1024987.47147757,64482506.3780411
08-12-2018,0.000488785856503,0.000512233107127,0.000437877530933,0.000471077294968,3273566.72591987,62754361.7147998
07-12-2018,0.000459406986319,0.000516821078125,0.000428569194319,0.00049782513117,5432925.17770343,66317563.3507915
06-12-2018,0.000510023208236,0.000530960172387,0.000461535519633,0.000461535519633,3788898.88459243,61483258.1673138
05-12-2018,0.000534007821046,0.000539507363628,0.000478130386491,0.000511041540548,2056468.29287268,68078181.7111696
04-12-2018,0.000494562378728,0.000540477810349,0.000481877381747,0.0005336046141,1225998.81663624,71083911.9686128
03-12-2018,0.000536295428,0.000552464778658,0.000481255733374,0.000495114254801,1202174.47939607,65956435.1069947
02-12-2018,0.000530508826074,0.000575188709976,0.000515568163978,0.000533684452008,1358594.92335435,71094547.5416084
01-12-2018,0.000503736440132,0.000560908164913,0.000495260147706,0.000544974545218,1549041.40907072,72598552.5120502
30-11-2018,0.000552408958442,0.000574989591129,0.000489399847887,0.000510845593008,1870049.93197548,68052078.6428756
29-11-2018,0.0005821915110573173,0.000588891815084,0.000540313512019,0.000550999665282,1885215.2033833,73401186.3216398
28-11-2018,0.000485593,0.000596119,0.000485593,0.000581993,1604420,77529950.2387659
27-11-2018,0.000478352,0.000504268,0.000452685,0.000495619,1639820,66023674.5242416
26-11-2018,0.000521301,0.000550712,0.000457514,0.000478389,2510160,63728387.3943037
25-11-2018,0.000499288,0.000554744,0.00043939,0.000537197,2608780,71562470.1300777
24-11-2018,0.000564683,0.000592794,0.000478761,0.000498882,2142980,66458353.6829756
23-11-2018,0.000553576,0.000586766,0.000538112,0.000565417,2428430,75321785.4409801
22-11-2018,0.000587084,0.000612589,0.000549951,0.00055795,1175180,74327072.2082902
21-11-2018,0.000603365,0.000641132,0.000557803,0.000571168,1552150,76087902.4627022
20-11-2018,0.000624047,0.000658376,0.000503035,0.000601324,5229330,80105121.1911065
19-11-2018,0.000802662,0.000820194,0.000610431,0.000610431,4269990,81318306.3270522
18-11-2018,0.000784497,0.0008185,0.000773879,0.000803064,3329320,106979829.583078
17-11-2018,0.000795967,0.000819339,0.000760702,0.000782,2906660,104173797.771992
16-11-2018,0.000855052,0.000858005,0.000755031,0.000795455,3439810,105966199.880716
15-11-2018,0.000829984,0.000869506,0.000736565,0.000855133,3987170,113916179.296876
14-11-2018,0.000987152,0.00100708,0.000795189,0.000856925,4297760,114154899.815555
13-11-2018,0.00100584,0.0010212,0.000971672,0.00098992,2464270,131871772.238428
12-11-2018,0.00100929,0.00103614,0.00098052,0.00102161,2944300,136093342.125121
11-11-2018,0.00101053,0.00102077,0.00098155,0.00100298,2287240,133611554.589965
10-11-2018,0.00102246,0.00104492,0.00100198,0.00100936,3126460,134461463.57946
09-11-2018,0.00103363,0.00106685,0.000996806,0.00100941,3168700,134468124.308218
08-11-2018,0.00108073,0.00111355,0.00101492,0.00103596,3232810,138004971.27861
07-11-2018,0.00107248,0.00113466,0.00104216,0.00106301,3390720,141608425.53658
06-11-2018,0.0010213,0.00112612,0.00100059,0.00107251,4273430,146352196.558
05-11-2018,0.00103448,0.00107469,0.00100612,0.00103355,2556260,137683924.152
04-11-2018,0.00107543,0.0010916,0.00098516,0.00103098,2713150,137341562.694
03-11-2018,0.00107012,0.00108537,0.00103652,0.00107648,2698730,143402825.864
02-11-2018,0.0010689,0.00108786,0.00103751,0.00105597,2917320,140670594.927
01-11-2018,0.00102128,0.00116687,0.00100945,0.00105652,2527570,140743862.944
31-10-2018,0.00106159,0.00106279,0.00100765,0.00102201,3046490,136146627.955
30-10-2018,0.00104966,0.0010775,0.00101879,0.00105856,2724480,141015620.677
29-10-2018,0.00108146,0.00108655,0.000995634,0.001051,3453310,140008518.489
28-10-2018,0.00110251,0.00110429,0.00103201,0.00108473,3592610,144501846.109
27-10-2018,0.00111726,0.00112656,0.00106667,0.00110032,3015050,146578661.336
26-10-2018,0.00109993,0.00114151,0.00105786,0.00111613,2962170,148684783.769
25-10-2018,0.00113209,0.00115189,0.00107409,0.00110174,3120110,146767826.032
24-10-2018,0.00110445,0.00114091,0.00107703,0.00113193,3286110,150789574.056
23-10-2018,0.00112679,0.00114483,0.0010716,0.00113169,4578820,150757602.558
22-10-2018,0.00110752,0.00113959,0.00107709,0.0010929,5118350,145590209.188
21-10-2018,0.00111878,0.00116407,0.00109453,0.00112799,3866630,150264708.63
20-10-2018,0.00111308,0.00114681,0.00110058,0.00111873,3712860,149031141.664
19-10-2018,0.00109236,0.0011455,0.00107461,0.00113216,3457850,150820213.409
18-10-2018,0.00110999,0.00114454,0.00106994,0.00109305,3458780,145610191.374
17-10-2018,0.00111671,0.00114873,0.00106967,0.00110783,4786680,147579102.795
16-10-2018,0.00107861,0.00116891,0.00107861,0.00111355,6165700,148341090.165
15-10-2018,0.000997037,0.00114354,0.000968263,0.0011036,7372830,147015605.142
14-10-2018,0.00099211,0.00102795,0.000973942,0.000974717,4161190,129846511.052
13-10-2018,0.00102523,0.00103286,0.00098342,0.000994778,3455190,132518928.645
12-10-2018,0.000978946,0.00103598,0.000944967,0.0010244,4422220,136465010.79
11-10-2018,0.00115113,0.00115282,0.000970025,0.00098109,7943810,130695487.54
10-10-2018,0.00118323,0.00118639,0.00112573,0.00115329,4269610,153635037.382
09-10-2018,0.00121929,0.00122281,0.00114877,0.00118569,6491420,157951189.617
08-10-2018,0.00115056,0.00124061,0.00113362,0.00121978,5703240,162492474.484
07-10-2018,0.00114261,0.00117025,0.00112494,0.00114757,3917590,152873050.012
06-10-2018,0.00123177,0.00123823,0.00112693,0.00116308,6052760,154939208.072
05-10-2018,0.00116417,0.00130048,0.00111655,0.00119028,14807200,158562644.517
04-10-2018,0.001006,0.0012183,0.000971748,0.00112152,14112800,149402810.329
03-10-2018,0.00100279,0.00101393,0.000937543,0.00100874,4888890,134378870.543
02-10-2018,0.000993519,0.00103744,0.0009784,0.000985744,4176170,131315468.173
01-10-2018,0.00099387,0.00105069,0.000967555,0.000997095,3731380,132827586.815
30-09-2018,0.00104039,0.00110391,0.000958259,0.00101003,3591880,134550717.345
29-09-2018,0.00101928,0.00105563,0.000956082,0.000996455,5931010,132742329.487
28-09-2018,0.00106111,0.00107724,0.000998156,0.00102674,2973200,136776732.896
27-09-2018,0.000981526,0.00107309,0.000969449,0.00105825,4159760,140974324.159
26-09-2018,0.00100901,0.00101546,0.000965254,0.000981914,3920420,130805256.35
25-09-2018,0.00102252,0.00104072,0.000963842,0.00100665,3585020,134100452.081
24-09-2018,0.00108689,0.0011144,0.00101814,0.00104475,4386270,139175927.394
23-09-2018,0.00114166,0.00115762,0.00104951,0.00111187,4988480,148117289.679
22-09-2018,0.00110044,0.00116445,0.00102743,0.00110864,6085070,147687006.601
21-09-2018,0.00111986,0.0011888,0.00108049,0.00112879,9442720,150371280.29
20-09-2018,0.00104757,0.00115215,0.00102073,0.00112132,8176610,149376167.414
19-09-2018,0.00107419,0.00110316,0.000985241,0.00104751,3942940,139543599.622
18-09-2018,0.000999035,0.00111998,0.00096077,0.00107406,9066020,143080446.592
17-09-2018,0.0011015,0.00114485,0.000953001,0.000963701,9245660,128379019.292
16-09-2018,0.00114357,0.00114552,0.0010554,0.00110162,6207190,146751840.283
15-09-2018,0.00111046,0.00115719,0.00109112,0.00113898,5612010,151728736.811
14-09-2018,0.00119901,0.00123321,0.00106616,0.00111192,9488270,148123950.407
13-09-2018,0.00116001,0.0012854,0.00116001,0.00122996,8109930,163848598.859
12-09-2018,0.0010883,0.00119621,0.00102178,0.00119493,10018800,159182092.291
11-09-2018,0.00119255,0.00119255,0.00101366,0.00112961,14925800,150480516.242
10-09-2018,0.00125195,0.00131214,0.00114832,0.00119068,8379800,158615930.347
09-09-2018,0.00135468,0.00136299,0.00119061,0.00125427,17618200,167087045.181
08-09-2018,0.0013656,0.00153769,0.00124447,0.00135511,29492300,180520402.94
07-09-2018,0.00115502,0.00141459,0.00109973,0.00136434,30871500,181749973.468
06-09-2018,0.00106878,0.00115678,0.000965444,0.00115529,14159800,153901466.532
05-09-2018,0.00126615,0.00131727,0.00102757,0.00102757,24707800,136887300.993
04-09-2018,0.00139577,0.00150801,0.00126013,0.00126013,27656300,167867682.591
03-09-2018,0.0011574,0.00159209,0.00110588,0.00144038,49747700,191879609.763
02-09-2018,0.000860773,0.00120411,0.000852133,0.00111481,19917600,148508940.53
01-09-2018,0.000807812,0.00088656,0.000798483,0.00088269,5579140,117587173.344
31-08-2018,0.000800349,0.000819395,0.000775206,0.000809022,3883470,107773522.022
30-08-2018,0.000828129,0.000835066,0.000725086,0.000774264,6294330,103143249.819
29-08-2018,0.000861059,0.000909473,0.000790531,0.000826889,8242810,110153666.836
28-08-2018,0.000664767,0.000903954,0.000646282,0.000900628,14794300,119976776.394
27-08-2018,0.000639795,0.000663898,0.000627409,0.000662273,2705080,88224416.3323
26-08-2018,0.000621107,0.000651042,0.00059975,0.000638977,3410110,85121049.5895
25-08-2018,0.000617343,0.000628633,0.000600232,0.000624203,2964760,83152937.4561
24-08-2018,0.000601783,0.00061814,0.000579512,0.000618076,2538860,82336731.7541
23-08-2018,0.000548033,0.000604151,0.000543701,0.000601582,1810990,80139490.5515
22-08-2018,0.000595656,0.000627184,0.000539403,0.000547953,1884220,72995326.1005
21-08-2018,0.000560146,0.000610745,0.000531208,0.000577874,2903400,76981239.4037
20-08-2018,0.000596299,0.000612998,0.000534902,0.000563523,1981470,75069477.0356
19-08-2018,0.000580509,0.000619191,0.000571024,0.000606409,1001350,80782517.3058
18-08-2018,0.000640379,0.000646062,0.000568835,0.00058115,2447220,77417650.3519
17-08-2018,0.000557507,0.000639903,0.000541076,0.000636667,3295810,84813323.9208
16-08-2018,0.000560135,0.000601992,0.000526533,0.000556972,3505630,74196788.3538
15-08-2018,0.00059062,0.0006235,0.000538933,0.000559821,2835370,74576316.6784
14-08-2018,0.000600709,0.000600709,0.000509449,0.000563101,4848700,75013260.4849
13-08-2018,0.000659568,0.000683045,0.000583003,0.00060255,4149050,80268442.2602
12-08-2018,0.000637849,0.000677085,0.000631638,0.000658462,2584280,87716735.5864
11-08-2018,0.000663484,0.000669917,0.000608996,0.000650346,2475590,86635566.0944
10-08-2018,0.000730086,0.000747366,0.000635684,0.000642734,5450300,85621536.7483
09-08-2018,0.000644032,0.000753613,0.000644032,0.00073055,7806730,97319907.8802
08-08-2018,0.000674164,0.000688723,0.000631263,0.000657288,7881460,87560341.6751
07-08-2018,0.000814402,0.000817412,0.000674241,0.000675813,8498500,90028141.6799
06-08-2018,0.0005929,0.000817991,0.00057567,0.000812234,19324600,108201407.237
05-08-2018,0.000554822,0.000595668,0.000532606,0.00059355,2928880,79069511.0838
04-08-2018,0.000571418,0.000629493,0.000531631,0.000557032,2814210,74204781.2283
03-08-2018,0.000606987,0.000633722,0.000553075,0.000597006,3936710,79529900.6556
02-08-2018,0.000635789,0.000647527,0.00060465,0.000624261,3550780,83160663.9015
01-08-2018,0.000585746,0.0006451,0.000562655,0.00063309,3636500,84336815.3855
31-07-2018,0.000717783,0.000717783,0.000576484,0.00061769,5434660,82285310.9281
30-07-2018,0.000702608,0.000736611,0.000681252,0.000718529,3737690,95718535.4723
29-07-2018,0.0007741780136711895,0.0007785530178807676,0.0006992690032348037,0.0007359340088441968,5172970,98037135.1529
28-07-2018,0.0007966149714775383,0.0007976400083862245,0.0007509320275858045,0.0007705959724262357,3681750,102654618.757
27-07-2018,0.0007895699818618596,0.000800964015070349,0.0007414770079776645,0.0007946339901536703,4819830,105856830.715
26-07-2018,0.0007806569919921458,0.0008784880046732724,0.0007498720078729093,0.0007905680104158819,5606190,105315180.252
25-07-2018,0.0008505519945174456,0.0009145779768005013,0.0007617140072397888,0.0008211049716919661,9580300,109383153.733
24-07-2018,0.0009689769940450788,0.0010174399940297008,0.0007943090167827904,0.0008648650255054235,45584200,115212623.542
23-07-2018,0.0006368770264089108,0.000982366967946291,0.0006336750229820609,0.000944336992688477,12948000,125799452.259
22-07-2018,0.0005174410180188715,0.0006384740117937326,0.0005174410180188715,0.0006384740117937326,2184720,85054042.6582
21-07-2018,0.0004595030040945858,0.000526326010003686,0.0004507729900069535,0.0005220019957050681,1657100,69538274.6606
20-07-2018,0.0004697430122178048,0.00048637299914844334,0.0004367709916550666,0.0004579660017043352,1752050,61007746.1259
19-07-2018,0.00046675599878653884,0.0004845020011998713,0.00045111001236364245,0.00047020299825817347,1710020,62637892.8821
18-07-2018,0.00045493600191548467,0.00048703901120461524,0.0004458139883354306,0.00046647299313917756,1359530,62141002.5167
17-07-2018,0.00042833801126107574,0.00046209600986912847,0.0004152389883529395,0.00045595699339173734,1235490,60740118.0444
16-07-2018,0.00038991300971247256,0.0004348070069681853,0.00038541501271538436,0.0004267430049367249,910309,56848387.4458
15-07-2018,0.0003820529964286834,0.00042303800000809133,0.0003765219880733639,0.00038876201142556965,968594,51788764.6668
14-07-2018,0.00036638000165112317,0.0003875739930663258,0.00036431901389732957,0.0003848919877782464,1074850,51273224.2609
13-07-2018,0.00038424000376835465,0.0004028629919048399,0.0003636089968495071,0.0003658199857454747,536915,48732555.8836
12-07-2018,0.0003979259927291423,0.0004006469971500337,0.00037189899012446404,0.00038338900776579976,424102,51073002.7545
11-07-2018,0.00040040499879978597,0.00040780799463391304,0.0003887650091201067,0.0003979869943577796,461275,53017669.1226
10-07-2018,0.00043903299956582487,0.0004425650113262236,0.0003973419952671975,0.00040191799052990973,461824,53541335.6175
09-07-2018,0.0004786729987245053,0.0004817770095542073,0.0004376840079203248,0.00044127998990006745,711152,58784927.7248
08-07-2018,0.0004629520117305219,0.00048086800961755216,0.00045841000974178314,0.0004765450139530003,728369,63482739.7177
07-07-2018,0.0004477339971344918,0.00046822099830023944,0.0004390359972603619,0.00046344599104486406,495485,61737761.9977
06-07-2018,0.0004991290043108165,0.0004991290043108165,0.00043581699719652534,0.00044802200864069164,767678,59683060.3905
05-07-2018,0.00046142798964865506,0.0005996280233375728,0.00045145698823034763,0.0004784489865414798,899148,63736380.2688
04-07-2018,0.00044452500878833234,0.0004830840043723583,0.0004303210007492453,0.00045990399667061865,668086,61265915.9725
03-07-2018,0.0004332080134190619,0.00047734499094076455,0.0004252039943821728,0.0004444539954420179,729897,59207750.7864
02-07-2018,0.0004085690015926957,0.00044371100375428796,0.00039874299545772374,0.000433437991887331,654559,57740259.0265
01-07-2018,0.0004146650026086718,0.00042052799835801125,0.0004009059921372682,0.0004080990038346499,710508,54364734.9066
30-06-2018,0.0003667839919216931,0.00042729699634946883,0.0003667839919216931,0.00041537900688126683,561633,55334537.0137
29-06-2018,0.0003831360081676394,0.0003862020093947649,0.0003412789956200868,0.00036648899549618363,805853,48821676.4343
28-06-2018,0.00038538698572665453,0.0004128039872739464,0.0003810749913100153,0.0003825390012934804,1103470,50959770.3656
27-06-2018,0.0003830839996226132,0.00039644399657845497,0.0003567870007827878,0.00038540500099770725,1513420,51341563.338
26-06-2018,0.00043427999480627477,0.0004394690040498972,0.00037993601290509105,0.00038207898614928126,1523830,50898491.661
25-06-2018,0.0004216959932819009,0.0004535549960564822,0.000421144999563694,0.00043588801054283977,1669590,58066634.7356
24-06-2018,0.00044439200428314507,0.00044784898636862636,0.0003696469939313829,0.0004175489884801209,1598740,55623612.6418
23-06-2018,0.0004335409903433174,0.0004516810004133731,0.0004227659956086427,0.0004456489987205714,1385950,59366942.2037
22-06-2018,0.0005025329883210361,0.0005063010030426085,0.00042679900070652366,0.0004339079896453768,1486630,57802869.8768
21-06-2018,0.0005220160237513483,0.0005438830121420324,0.0004958590143360198,0.0005085350130684674,1706270,67744273.977
20-06-2018,0.0005358409835025668,0.0005396360065788031,0.00046542499330826104,0.0005215000128373504,1840150,69471400.9439
19-06-2018,0.0005750320269726217,0.000595155986957252,0.0005196600104682148,0.0005354370223358274,2208650,71328012.4778
18-06-2018,0.0005808849819004536,0.0006000369903631508,0.0005321109783835709,0.0005745840026065707,2148910,76542963.4514
17-06-2018,0.0006221879739314318,0.0006399839767254889,0.0005504559958353639,0.0005811509909108281,1945840,77417783.5665
16-06-2018,0.0006339389947243035,0.0006494729896076024,0.0005553599912673235,0.0006254769978113472,2578290,83322652.8248
15-06-2018,0.000700447999406606,0.0007141900132410228,0.0006295780185610056,0.000637151999399066,2193870,84877932.9898
14-06-2018,0.0006385479937307537,0.0007213840144686401,0.0006323180277831852,0.0007002869970165193,2322750,93288435.1923
13-06-2018,0.0007123330142349005,0.0007123330142349005,0.0006088250083848834,0.0006363859865814447,2006050,84775890.6252
12-06-2018,0.0008049990283325315,0.0008115909877233207,0.0006752149784006178,0.0007099059876054525,2587290,94569826.1907
11-06-2018,0.0007695740205235779,0.0008275149739347398,0.0007480839849449694,0.0008038840023800731,1725350,107089065.535
10-06-2018,0.0009730819729156792,0.0009730819729156792,0.0007418009918183088,0.000766063982155174,3517080,102050890.302
09-06-2018,0.000988724990747869,0.001018499955534935,0.0009658620110712945,0.0009706499986350536,3825630,129304727.375
08-06-2018,0.0010009700199589133,0.0010200999677181244,0.0009823150467127562,0.0009938139701262116,2052790,132390509.794
07-06-2018,0.0010133299510926008,0.0010731100337579846,0.000985543942078948,0.0009994680294767022,2324420,133143705.002
06-06-2018,0.0009829800110310316,0.001058859983459115,0.0009716579806990921,0.001011559972539544,1841990,134754535.645
05-06-2018,0.0009670240106061101,0.0019360099686309695,0.0008933100034482777,0.0009694300242699683,1003170,129142205.593
04-06-2018,0.0010285599855706096,0.0010476299794390798,0.000954721006564796,0.0009672649903222919,883159,128853796.038
03-06-2018,0.0009951420361176133,0.0010909700067713857,0.0009845580207183957,0.0010303399758413434,619292,137256305.366
02-06-2018,0.0010044999653473496,0.001069769961759448,0.0009643220109865069,0.000996412942185998,726156,132736734.475
01-06-2018,0.0010072600562125444,0.0010260900016874075,0.0009757839725352824,0.00100638996809721,2974890,134065816.291
31-05-2018,0.0010281900176778436,0.001060119946487248,0.0009716550121083856,0.0010037899482995272,3230990,133719458.396
30-05-2018,0.0010348099749535322,0.0010895499726757407,0.0009727629949338734,0.0010257599642500281,2526010,136646182.612
29-05-2018,0.0009621090139262378,0.0010651800548657775,0.0009440570138394833,0.0010366300120949745,3075190,138094225.044
28-05-2018,0.001003629993647337,0.0010259399423375726,0.0008990829810500145,0.0009585029911249876,3675830,127686569.931
27-05-2018,0.0011298099998384714,0.0011298099998384714,0.0009721600217744708,0.0010037199826911092,1770350,133710133.376
26-05-2018,0.0011500699911266565,0.0012258399510756135,0.001067460048943758,0.0011268999660387635,1914940,150119504.743
25-05-2018,0.0012498799478635192,0.0012609800323843956,0.0011275899596512318,0.001150110037997365,4037790,153211415.033
24-05-2018,0.00112700997851789,0.0012513799592852592,0.0010499800555408,0.0012483299942687154,4333250,166295750.604
23-05-2018,0.0011027499567717314,0.0011503800051286817,0.001016870024614036,0.0011503800051286817,2102100,153247382.968
22-05-2018,0.001317049958743155,0.00132685003336519,0.0010683899745345116,0.0010979999788105488,2566190,146269603.521
21-05-2018,0.0013241800479590893,0.001543940044939518,0.0012943700421601534,0.0013212000485509634,3689360,176003096.696
20-05-2018,0.001100779976695776,0.0014738000463694334,0.001097130007110536,0.001316610025241971,3340720,175391641.796
19-05-2018,0.0010648099705576897,0.0012360899709165096,0.001037120004184544,0.0011014100164175034,2632550,146723865.223
18-05-2018,0.0009840009734034538,0.001123660011216998,0.0009636689792387187,0.0010643600253388286,2059950,141788265.213
17-05-2018,0.0010848999954760075,0.0011556900572031736,0.0009805710287764668,0.000999081996269524,1759670,133092284.176
16-05-2018,0.0011348299449309707,0.0011838000500574708,0.0010532200103625655,0.0010849799728021026,2217620,144535149.753
15-05-2018,0.0011179399443790317,0.0013353499816730618,0.0011179399443790317,0.0011359599884599447,3088540,151326428.794
14-05-2018,0.0011617999989539385,0.0011936200316995382,0.0010141499806195498,0.0011177000124007463,2482090,148893930.652
13-05-2018,0.0012738000368699431,0.0013078800402581692,0.0011425099801272154,0.0011623699683696032,3512750,154844625.724
12-05-2018,0.0013288699556142092,0.0014304299838840961,0.0012525300262495875,0.0012943800538778305,2630930,172430281.79
11-05-2018,0.0015110699459910393,0.001585870049893856,0.0012753000482916832,0.0013313899980857968,5413300,177360553.217
10-05-2018,0.0016542200464755297,0.0017169499769806862,0.0014875800115987659,0.0015110400272533298,3944360,201292551.644
09-05-2018,0.0016725599998608232,0.0016772500239312649,0.00148048996925354,0.0016538799973204732,2675510,220320921.559
08-05-2018,0.001523309969343245,0.0018399800173938274,0.001516059972345829,0.001674119965173304,2946900,223017184.56
07-05-2018,0.001670010038651526,0.0016907700337469578,0.0012580299517139792,0.0015128699596971273,1750190,201536334.316
06-05-2018,0.001873419969342649,0.0019079700578004122,0.0015587500529363751,0.0016650400357320905,3132810,0
05-05-2018,0.0017829500138759613,0.0020022799726575613,0.0016709900228306651,0.0018722800305113196,3376060,0
04-05-2018,0.00135986995883286,0.0019069600384682417,0.0013381900498643517,0.001779190031811595,5088940,0
03-05-2018,0.000941496982704848,0.0018848800100386143,0.0008452470065094531,0.0013643000274896622,3171370,0
02-05-2018,0.000717939983587712,0.0009760300163179636,0.0006894299876876175,0.0009415849926881492,3756340,0
01-05-2018,0.0007573110051453114,0.001046090037561953,0.0005230060196481645,0.0007338220020756125,6443690,0
30-04-2018,0.0007327090133912861,0.0007891780114732683,0.0007327090133912861,0.0007681919960305095,5764530,0
